1.623348920588441047e-02
1.321080249656925165e-02
1.578812367888504653e-02
1.216894789560918344e-02
1.269318316287848525e-02
3.479978770919184283e-03
9.457753166714932824e-03
2.728284272628528351e-03
7.797463383254821245e-03
-8.110569438069648029e-03
5.494116406648152928e-03
1.583108945388878031e-03
-8.129164738616578845e-03
1.925769519979941835e-03
-1.600243773708276418e-02
8.854109805558341151e-04
2.434124194672926400e-04
-7.185222966283100199e-03
-1.525714942698119803e-02
-4.106933988908462174e-03
-1.641807012959617396e-02
-3.737581059512912196e-03
-1.055327885969313539e-03
-5.339790983433956306e-03
-1.266657536910320569e-02
-1.525441976743613370e-02
-9.573273660266501395e-03
-9.093202439095948719e-03
-7.819975584917648881e-03
-2.112285903347096983e-03
-2.773289041320459170e-03
-8.522991902462306868e-03
-1.223199223729276586e-02
-8.062973283389285317e-03
-1.391892889514778631e-02
2.628340048204141910e-03
-1.094689776617552290e-02
-2.803450678126290230e-03
2.269241307589764389e-04
-3.314389739016126990e-03
-7.738550037912739210e-03
-6.031591891559995311e-03
3.016581718612604268e-03
-1.684771827814757206e-02
1.339774079971789433e-02
-1.286392966078209188e-02
-3.093546573604555316e-03
3.294824344690416851e-03
2.334863527401004335e-03
-2.334863690139687975e-03
-3.294824550201247426e-03
3.093546301982219582e-03
1.286392932966451408e-02
-1.847457889006887122e-02
1.847457853078493528e-02
-1.339774114352731971e-02
-3.016582018217361938e-03
6.031591658232027253e-03
7.738549863070320889e-03
3.314389588298494171e-03
-2.269243027632900089e-04
2.803450449009620149e-03
1.094689747015786807e-02
1.684771793577255483e-02
-2.628340357174463460e-03
8.062973031975839699e-03
1.223199205218672425e-02
8.522991762206832966e-03
2.773288903970036468e-03
2.112285725425089994e-03
7.819975341396778745e-03
1.391892859124588266e-02
9.093202182087645191e-03
1.525441957582029939e-02
1.266657523692837906e-02
5.339790877630257171e-03
1.055327761230358263e-03
3.737580878943158602e-03
9.573273412697869134e-03
1.641806993655303692e-02
1.525714930024046900e-02
7.185222885546460603e-03
-2.434124955607575025e-04
-8.854110958072813897e-04
4.106933808512264195e-03
1.600243761308295376e-02
8.129164674224975684e-03
-1.583108982817188481e-03
-5.494116462220755004e-03
-1.925769630876039695e-03
8.110569380084808877e-03
-2.728284285193394165e-03
-9.457753175063920992e-03
-7.797463430827211717e-03
-3.479978774466402358e-03
-1.216894787411593182e-02
-1.269318316062972851e-02
-1.321080246521377788e-02
-1.578812364592641071e-02
-1.623348916571099032e-02
