1.734279183738417496e-01
1.415763501919595768e-01
1.698440689417135552e-01
1.319177822767156893e-01
1.407298827061135293e-01
3.944629313441469498e-02
1.067826658185835331e-01
3.274134977198112084e-02
9.343115120124534378e-02
-8.256678979978943067e-02
6.908323944399880068e-02
2.361900595429428096e-02
-8.189079442554531019e-02
3.481582651418169139e-02
-1.664997400638186242e-01
2.349688950958875311e-02
1.284643387777816004e-02
-6.997066529527434797e-02
-1.583038328506313208e-01
-2.778141714743292967e-02
-1.726999582463146776e-01
-2.448544582184163099e-02
1.433420140327240633e-03
-4.843691462271265680e-02
-1.303821631660579961e-01
-1.606845998755089822e-01
-8.686871690846814653e-02
-9.797938697464203539e-02
-6.912476530300587507e-02
-9.439037409789461860e-03
-2.019588725485073344e-02
-8.624980473419158189e-02
-1.296360355041074053e-01
-8.786185138316787713e-02
-1.356711695857175659e-01
2.314111648688585432e-02
-1.050989651021146942e-01
-1.847585141190716956e-02
1.115329466026190874e-02
-3.138785612120517654e-02
-8.340996785556054061e-02
-6.839313511475558771e-02
2.619193428534194457e-02
-1.694627932423732330e-01
1.349569608328627934e-01
-1.281488833633485092e-01
-2.440949316898083366e-02
4.184716293849569113e-02
2.752101764457345889e-02
-2.752101781804536240e-02
-4.184716321678486062e-02
2.440949271731944481e-02
1.281488827482000215e-01
-1.879210301741186528e-01
1.879210294804791737e-01
-1.349569614758718838e-01
-2.619193480209855429e-02
6.839313476896219379e-02
8.340996765123775969e-02
3.138785597559543006e-02
-1.115329485495111794e-02
1.847585106765331497e-02
1.050989645719235810e-01
1.694627925883803732e-01
-2.314111702344012755e-02
8.786185099480720018e-02
1.296360352712068176e-01
8.624980460844472452e-02
2.019588714610169589e-02
9.439037203302226564e-03
6.912476491373570342e-02
1.356711690274282622e-01
9.797938657310217847e-02
1.606845996219422590e-01
1.303821630493333661e-01
4.843691458617749301e-02
-1.433420201953340689e-03
2.448544561477374037e-02
8.686871650636568409e-02
1.726999579855231781e-01
1.583038327346063534e-01
6.997066530563633702e-02
-1.284643381587932676e-02
-2.349688952513964701e-02
2.778141694612995538e-02
1.664997399472281092e-01
8.189079445768954191e-02
-2.361900581045051073e-02
-6.908323929762916205e-02
-3.481582650632891740e-02
8.256678983879994771e-02
-3.274134958825455910e-02
-1.067826655661641144e-01
-9.343115101892468521e-02
-3.944629293801213410e-02
-1.319177819737845647e-01
-1.407298824114139313e-01
-1.415763498753752625e-01
-1.698440685953912510e-01
-1.734279180213058602e-01
