1.393109108381462846e-02
1.132571497626200241e-02
1.353983866737773489e-02
1.041913256694426693e-02
1.084871525758657196e-02
2.936635729186704014e-03
8.060119781211794177e-03
2.281579042280740266e-03
6.598733502891529490e-03
-7.049400913770709209e-03
4.616417093130986693e-03
1.277867281607114602e-03
-7.069558942784326394e-03
1.511767898732863102e-03
-1.383395997813141598e-02
6.215461182491333059e-04
1.039481227806393626e-04
-6.264397687524292380e-03
-1.319210563919437362e-02
-3.701689486339088120e-03
-1.415839856876166536e-02
-3.373662730829438128e-03
-1.029403276611592921e-03
-4.681937957306175901e-03
-1.095903286474497751e-02
-1.315277336935483099e-02
-8.412721465541506127e-03
-7.799409908631149690e-03
-6.889594870448711994e-03
-1.943952168347227311e-03
-2.473029161824416566e-03
-7.385022094380577773e-03
-1.054054574330931526e-02
-6.906731927431963847e-03
-1.214804524795565221e-02
2.350467566030661759e-03
-9.573305942585763617e-03
-2.532548762831529632e-03
1.171494285251151179e-04
-2.889610306194723144e-03
-6.657344945563636873e-03
-5.144678860006857146e-03
2.690564291159269761e-03
-1.466089054766805955e-02
1.166848994385327742e-02
-1.121360158403050811e-02
-2.769311122490430987e-03
2.772254591680900493e-03
1.988855726802712942e-03
-1.988855889120649811e-03
-2.772254794321415972e-03
2.769310857544823867e-03
1.121360126303616589e-02
-1.605894271715824217e-02
1.605894236963623101e-02
-1.166849027678207307e-02
-2.690564582405546856e-03
5.144678631238741584e-03
6.657344771903439540e-03
2.889610155210275977e-03
-1.171495996492993852e-04
2.532548537850856651e-03
9.573305654592911829e-03
1.466089021605043730e-02
-2.350467866077177170e-03
6.906731681694533442e-03
1.054054556007799626e-02
7.385021953334791611e-03
2.473029023363396139e-03
1.943951991536723573e-03
6.889594631819540016e-03
1.214804495251142757e-02
7.799409657653244565e-03
1.315277318008134522e-02
1.095903273143905565e-02
4.681937848661055224e-03
1.029403149908812709e-03
3.373662551425266054e-03
8.412721223065910969e-03
1.415839837818499980e-02
1.319210551112537377e-02
6.264397602643745344e-03
-1.039482035622291134e-04
-6.215462361328083496e-04
3.701689307054750744e-03
1.383395985269542106e-02
7.069558873439851787e-03
-1.277867325806536503e-03
-4.616417154710172888e-03
-1.511768012564473906e-03
7.049400850516973627e-03
-2.281579062910016331e-03
-8.060119798147691306e-03
-6.598733556987257387e-03
-2.936635741264487232e-03
-1.041913255561732754e-02
-1.084871526459163515e-02
-1.132571495558709618e-02
-1.353983864530283743e-02
-1.393109105488599120e-02
