-3.330691278335962124e-11
-3.278721738553258547e-11
-3.342448540166742532e-11
-3.282629723599939098e-11
-3.103284296201991310e-11
-3.353006761130927771e-11
-3.104533297104694611e-11
-3.291111827508075294e-11
-2.828737244442436349e-11
-3.365419054546237021e-11
-2.828765000018051978e-11
-3.111241819730992120e-11
-3.302830231532993821e-11
-2.488986794446645945e-11
-2.125233322658459656e-11
-2.488476091855318373e-11
-3.379618807031192773e-11
-2.834354972947039641e-11
-3.121961023033748006e-11
-3.316710794898369841e-11
-2.493538708847609087e-11
-3.394567960057770506e-11
-2.844260937884257601e-11
-3.135208759275087687e-11
-3.331407372186845350e-11
-2.503014462362784798e-11
-3.408962001572035661e-11
-2.856906378134738134e-11
-3.149358551723935307e-11
-3.345446142333230455e-11
-3.421751770815717464e-11
-2.870509385743957864e-11
-3.162703432479929688e-11
-3.357447653229428397e-11
-3.432920614443446539e-11
-2.883204786030546529e-11
-3.173597495909064037e-11
-3.366296130735690895e-11
-3.445776997068605851e-11
-2.893196793252172938e-11
-3.180480878661740007e-11
-3.370448364847788980e-11
-2.898864481792884362e-11
-3.181779839600551441e-11
-2.898892237368499991e-11
-1.781319536320324914e-11
-2.124722620067132084e-11
-2.129796339289669049e-11
-2.139310950610706641e-11
-2.515318509033193095e-11
-2.528588449735025279e-11
-2.540900823078118265e-11
-2.550404332168909605e-11
-2.186673064841215819e-11
-2.555489153621692822e-11
-2.554967348800118998e-11
