2.685316203936186641e-01
2.190283064964214654e-01
2.632037392427114542e-01
2.043366103166588399e-01
2.187125400770466577e-01
6.046861022781457873e-02
1.661260870957926294e-01
5.044104989060199662e-02
1.460716105864948156e-01
-1.288063176490408246e-01
1.084946299464262243e-01
3.724381386842230690e-02
-1.273788662467310040e-01
5.555871895694644569e-02
-2.587858276921080058e-01
3.828346248919346773e-02
2.156692016361622111e-02
-1.080015326124296737e-01
-2.458486701606740210e-01
-4.162228219389887962e-02
-2.680044186984525956e-01
-3.619034993184577775e-02
4.506495276481704837e-03
-7.366296830434154730e-02
-2.021071690019958789e-01
-2.494138613501305501e-01
-1.338101503252771551e-01
-1.516588108336382468e-01
-1.059992758068922236e-01
-1.234439379872849518e-02
-2.926487906470143924e-02
-1.332301463295724742e-01
-2.014968254002670323e-01
-1.362592148213188636e-01
-2.103038770110388089e-01
3.656299140395560809e-02
-1.626829030863077841e-01
-2.697151774043074490e-02
1.940809977486328275e-02
-4.785889151842469269e-02
-1.300924222554909471e-01
-1.068440264204712498e-01
4.089610704366383742e-02
-2.634682233135071661e-01
2.102080753857107354e-01
-1.992754472054217851e-01
-3.717760660241849202e-02
6.651429883564985435e-02
4.357090609690705829e-02
-4.357090626944809530e-02
-6.651429912506026665e-02
3.717760609647763337e-02
1.992754464941755010e-01
-2.924690823413161889e-01
2.924690815378494513e-01
-2.102080761204311310e-01
-4.089610761624179469e-02
1.068440260588654489e-01
1.300924220527560071e-01
4.785889137190725562e-02
-1.940809997640127738e-02
2.697151735583851878e-02
1.626829024618336450e-01
2.634682225448957693e-01
-3.656299199376777942e-02
1.362592144147348749e-01
2.014968251660498311e-01
1.332301462016327598e-01
2.926487895452228871e-02
1.234439357750241953e-02
1.059992753505848428e-01
2.103038763414852852e-01
1.516588104137996385e-01
2.494138610905574094e-01
2.021071688793020238e-01
7.366296827292811988e-02
-4.506495319998256310e-03
3.619034971138625212e-02
1.338101498476428897e-01
2.680044184282159847e-01
2.458486700310452688e-01
1.080015326272045217e-01
-2.156692005541525903e-02
-3.828346245250073554e-02
4.162228198517212152e-02
2.587858275557799459e-01
1.273788662726997867e-01
-3.724381367229794015e-02
-1.084946296977158386e-01
-5.555871887651578356e-02
1.288063176744814187e-01
-5.044104966944493174e-02
-1.661260867311392109e-01
-1.460716102748940703e-01
-6.046861000333064728e-02
-2.043366099224127597e-01
-2.187125396450878556e-01
-2.190283061014769439e-01
-2.632037387838603859e-01
-2.685316199434063522e-01
