-7.952944014455454180e-08
-7.535796253677062850e-08
-8.047266220057025521e-08
-7.567204340919175820e-08
-6.127778637288194830e-08
-8.132125817184032712e-08
-6.137838254316463349e-08
-7.635290255603166543e-08
-3.924240854491500841e-08
-8.231805415093162992e-08
-3.924500441288003572e-08
-6.191728213478242537e-08
-7.729438000758648286e-08
-1.197458465718170828e-08
1.722110598567638817e-08
-1.193348952988060319e-08
-8.345847996027444538e-08
-3.969420858673800012e-08
-6.277785950803416171e-08
-7.840926666280445545e-08
-1.233976132386516156e-08
-8.465851131234103377e-08
-4.048934454381480919e-08
-6.384133865999785939e-08
-7.958916056760578783e-08
-1.310023478584554368e-08
-8.581376609306801129e-08
-4.150403219715936842e-08
-6.497703317585867833e-08
-8.071567614287289416e-08
-8.684033558914450168e-08
-4.259536058592860996e-08
-6.604805329046836704e-08
-8.167915821477578220e-08
-8.773720727717204682e-08
-4.361403460606538829e-08
-6.692167001109972091e-08
-8.238854187769817372e-08
-8.876869039831092323e-08
-4.441557099887916138e-08
-6.747389960648497720e-08
-8.272211626803027684e-08
-4.487018845367174436e-08
-6.757765408371696481e-08
-4.487235216732443632e-08
4.482554949447603576e-08
1.726262321977145575e-08
1.685493677960892001e-08
1.609258581947159428e-08
-1.408685898485195764e-08
-1.515154485209890822e-08
-1.613938860334229730e-08
-1.690173967450192549e-08
1.229295853999445853e-08
-1.730942600364215878e-08
-1.726790876954709120e-08
