1.194191679355882663e-02
9.696933932105800125e-03
1.159813731835535044e-02
8.908046497243971018e-03
9.258082082287066861e-03
2.466915302876931948e-03
6.855450015610831116e-03
1.896102876365074463e-03
5.568565199434050150e-03
-6.133120244102840957e-03
3.863408459693296049e-03
1.016482647538480277e-03
-6.154063850821345216e-03
1.161279386463487384e-03
-1.196126187395163409e-02
4.004618857804398413e-04
-1.209515835921826099e-05
-5.467441556031349403e-03
-1.140848029120078433e-02
-3.344395980302006244e-03
-1.220700107738170725e-02
-3.052413889162539085e-03
-1.001181430164636843e-03
-4.110655843944738264e-03
-9.483629847610863806e-03
-1.133793547705008731e-02
-7.404657826557192735e-03
-6.682234759026517423e-03
-6.080646908855902311e-03
-1.792687608769395410e-03
-2.209682813113483801e-03
-6.401005628588418706e-03
-9.080300744249591993e-03
-5.908754424249151871e-03
-1.061546098305665708e-02
2.110384305080037493e-03
-8.384034971525733404e-03
-2.294013380120391021e-03
2.633455583170296599e-05
-2.521271343795594699e-03
-5.724585676298965531e-03
-4.380432442632531398e-03
2.408229505221987088e-03
-1.277148491066881775e-02
1.017515432769189321e-02
-9.787537411458990810e-03
-2.486743129237675709e-03
2.324012875732750505e-03
1.691417243362469680e-03
-1.691417405284167952e-03
-2.324013075665654071e-03
2.486742870586602927e-03
9.787537100001797441e-03
-1.397305140736126994e-02
1.397305107091639798e-02
-1.017515465037033273e-02
-2.408229788592092246e-03
4.380432218158647473e-03
5.724585503747103843e-03
2.521271192558488528e-03
-2.633472611889009496e-05
2.294013159047050832e-03
8.384034691097053127e-03
1.277148458918342389e-02
-2.110384596717806982e-03
5.908754183853559550e-03
9.080300562770204920e-03
6.401005486787791909e-03
2.209682673612795023e-03
1.792687433025078741e-03
6.080646674849976563e-03
1.061546069558394478e-02
6.682234513722296043e-03
1.133793528996052125e-02
9.483629713214591916e-03
4.110655732618762048e-03
1.001181301634061771e-03
3.052413710885895637e-03
7.404657588896412790e-03
1.220700088910131598e-02
1.140848016184092817e-02
5.467441467224165574e-03
1.209507317503910606e-05
-4.004620061050789825e-04
3.344395802099775494e-03
1.196126174711620305e-02
6.154063776769358451e-03
-1.016482698122045392e-03
-3.863408526896594530e-03
-1.161279503013951109e-03
6.133120175835893306e-03
-1.896102904617086304e-03
-6.855450040619825991e-03
-5.568565259631785835e-03
-2.466915323024704287e-03
-8.908046495498478379e-03
-9.258082097984177139e-03
-9.696933921504502507e-03
-1.159813730652836661e-02
-1.194191677522637995e-02
