1.245541447758569120e-09
1.230664681273196948e-09
1.164864427138923020e-09
1.169817132051775843e-09
9.427665592642853198e-10
1.258922521785166282e-09
9.443522908103574309e-10
1.180552877677598644e-09
5.951886761224045586e-10
1.274639394033272310e-09
5.952296433520132268e-10
9.528508537748336948e-10
1.195398391384827619e-09
1.292621537585247893e-09
9.664233857620274648e-10
1.212979189313401207e-09
1.311544789439622605e-09
9.831971140017436994e-10
1.231586388428240753e-09
1.329763410495843345e-09
6.308688849099297613e-10
1.001111049961367350e-09
1.249353120957863439e-09
1.345953681841649541e-09
6.480874586989315844e-10
1.018005971187285752e-09
1.264549576163176425e-09
1.360099366465306048e-09
1.031787849603560403e-09
1.275738958916861066e-09
1.376368352623558167e-09
1.040500213767003856e-09
1.281000638897467070e-09
1.650832803790081016e-10
1.644361313779540978e-10
6.023160303847419073e-10
6.148602738065278572e-10
1.828480700183376939e-10
1.984172826041685767e-10
2.152185374360016112e-10
6.641606153934276335e-10
6.768084426234111106e-10
6.839828148308413347e-10
1.042137792728325962e-09
