-3.379041491058387692e-10
-3.214022381570202924e-10
-3.416349425577891452e-10
-3.226443556769709176e-10
-2.657028763675128857e-10
-3.449908136943236059e-10
-2.661005582549336168e-10
-3.253367575339893847e-10
-1.785349645899714233e-10
-3.489325495209527617e-10
-1.785452341529492060e-10
-2.682319644176089923e-10
-3.290598904470698471e-10
-7.067013640948971442e-11
4.481870430339540690e-11
-7.050782180328951654e-11
-3.534422754469801475e-10
-1.803224791707691566e-10
-2.716358804555341067e-10
-3.334690301670661938e-10
-7.211575780985413076e-11
-3.581881180547696886e-10
-1.834684626444982314e-10
-2.758426612126108068e-10
-3.381355750953218831e-10
-7.512546140731046762e-11
-3.627572686681901359e-10
-1.874833621684501850e-10
-2.803353920527440479e-10
-3.425913996935037176e-10
-3.668176873361517210e-10
-1.918017134006078095e-10
-2.845725599609494338e-10
-3.464025732924369549e-10
-3.703654050113414087e-10
-1.958327389139924435e-10
-2.880289617923637024e-10
-3.492088840317819631e-10
-3.744453636045363965e-10
-1.990047571176489782e-10
-2.902140194827040887e-10
-3.505284951188514242e-10
-2.008039845513565069e-10
-2.906247464906641653e-10
-2.008130328690072020e-10
1.540110261544214154e-10
4.498246219952761749e-11
4.336864201093248994e-11
4.035138889690870201e-11
-7.903017129606837443e-11
-8.324382849700384668e-11
-8.715339561149448855e-11
-9.017075974782073899e-11
2.531375109526834422e-11
-9.178457993641586654e-11
-9.162071101798119344e-11
