3.444363529623162279e-02
2.811293530540903696e-02
3.359087646586256248e-02
2.602432739324167521e-02
2.736256934096548132e-02
7.755638542287002224e-03
2.058786686724345394e-02
6.261357119154542517e-03
1.742886613013905350e-02
-1.654283284558699663e-02
1.257965699916568925e-02
4.052420452472421664e-03
-1.653171590027546767e-02
5.392362528800820343e-03
-3.320448827912236833e-02
3.156727712762513738e-03
1.463729893792634074e-03
-1.444687143058676071e-02
-3.163100810280339292e-02
-7.129958273936393143e-03
-3.433688579311033884e-02
-6.440268506852753205e-03
-1.103417762063400864e-03
-1.047203493024417842e-02
-2.618911498313358788e-02
-3.192266887626449279e-02
-1.863247266978618200e-02
-1.934592658638445428e-02
-1.506071346139525868e-02
-3.288316027559581682e-03
-5.042527146685474304e-03
-1.751294098815581179e-02
-2.565762879308031152e-02
-1.723734906952140156e-02
-2.789587724432152083e-02
4.849655075834180540e-03
-2.177636873953114893e-02
-4.832914919448982882e-03
1.207815801352360441e-03
-6.640901688799522029e-03
-1.633934863689823214e-02
-1.310509031027135007e-02
5.599190298411049760e-03
-3.419556198666418023e-02
2.714126957800144790e-02
-2.595467178337329539e-02
-5.607873607349697642e-03
7.520634344323096077e-03
5.117451108507781177e-03
-5.117451273780299070e-03
-7.520634566950457067e-03
5.607873295775625544e-03
2.595467139145379853e-02
-3.767100667695211236e-02
3.767100624689989630e-02
-2.714126998711219318e-02
-5.599190648015534011e-03
1.310509004965537683e-02
1.633934845486711973e-02
6.640901539633453643e-03
-1.207815978477591590e-03
4.832914665703486046e-03
2.177636839531738033e-02
3.419556157953695941e-02
-4.849655438149302888e-03
1.723734878412025440e-02
2.565762859647424676e-02
1.751294085238436216e-02
5.042527016125897266e-03
3.288315843357349222e-03
1.506071318870694231e-02
2.789587688953421019e-02
1.934592629325315727e-02
3.192266867017590215e-02
2.618911485713104614e-02
1.047203484135880713e-02
1.103417649636027897e-03
6.440268319904421390e-03
1.863247239185039650e-02
3.433688558474390362e-02
3.163100798304829819e-02
1.444687137409328415e-02
-1.463729941388769440e-03
-3.156727811234327774e-03
7.129958087613574857e-03
3.320448816256738045e-02
1.653171586446738894e-02
-4.052420449404819935e-03
-1.257965701772117972e-02
-5.392362620869201040e-03
1.654283281785717818e-02
-6.261357084030333420e-03
-2.058786682354152298e-02
-1.742886613731675638e-02
-7.755638495575201130e-03
-2.602432731078996309e-02
-2.736256928237823516e-02
-2.811293521024460507e-02
-3.359087636735513804e-02
-3.444363518858728490e-02
