-2.588529390834537480e-11
-2.575495372525438142e-11
-2.591471481849794145e-11
-2.576483471017354532e-11
-2.531502785174666315e-11
-2.594124914878648269e-11
-2.531805320948876670e-11
-2.578603996994388581e-11
-2.462641202072290980e-11
-2.597244641577844959e-11
-2.462646753187414106e-11
-2.533492859946306908e-11
-2.581540536894522120e-11
-2.377431584932310216e-11
-2.286204558998861103e-11
-2.377309460399601448e-11
-2.600797355256645460e-11
-2.464045634198441803e-11
-2.536178211887119005e-11
-2.585023861634283548e-11
-2.378575114647674127e-11
-2.604549909079878489e-11
-2.466532533773602154e-11
-2.539501942067090567e-11
-2.588709802076039068e-11
-2.380956543035495088e-11
-2.608158133909910248e-11
-2.469706383845249320e-11
-2.543051012826591517e-11
-2.592231984621662377e-11
-2.611377780681323202e-11
-2.473114768530848551e-11
-2.546399202607574352e-11
-2.595246240133519677e-11
-2.614175542703378596e-11
-2.476302496390303531e-11
-2.549133126805713800e-11
-2.597466686182769990e-11
-2.617395189474791550e-11
-2.478800498195710134e-11
-2.550865074724129045e-11
-2.598510295825917638e-11
-2.480227134782353460e-11
-2.551187039401270340e-11
-2.480227134782353460e-11
-2.199951332215732691e-11
-2.286082434466152336e-11
-2.287359190944471266e-11
-2.289735068217169101e-11
-2.384040187486391460e-11
-2.387365305445143804e-11
-2.390454501011163302e-11
-2.392841480514107388e-11
-2.301614454580658276e-11
-2.394107134762180067e-11
-2.393973907999225048e-11
