6.224728980618088325e-02
5.084416882738762578e-02
6.081166230962620212e-02
4.720063186715262038e-02
4.990972517499392413e-02
1.421170086507059227e-02
3.771608398157033637e-02
1.162658209997005643e-02
3.240559761613925893e-02
-2.954782309592252076e-02
2.365628101024153107e-02
7.904929102716423683e-03
-2.945392886804570898e-02
1.101940340060031387e-02
-5.963246504935015846e-02
6.949661629759268378e-03
3.534787230750943698e-03
-2.553101492603154776e-02
-5.677001187615593469e-02
-1.145278413516792604e-02
-6.183467111338702971e-02
-1.027517454054424628e-02
-8.903359486946288426e-04
-1.819295532392528614e-02
-4.691513800062896422e-02
-5.750626349756060574e-02
-3.231545249716660795e-02
-3.504388890909770904e-02
-2.595550876849572752e-02
-4.804127789390895582e-03
-8.310035555427294773e-03
-3.124631452397541587e-02
-4.628612505260465415e-02
-3.130692509751087371e-02
-4.928444085288541388e-02
8.340372486659947127e-03
-3.833075637374538935e-02
-7.742382249671039829e-03
2.926446100211727019e-03
-1.166336301247794527e-02
-2.959299319188707367e-02
-2.402529455221880106e-02
9.601276925165658227e-03
-6.090482379749340147e-02
4.836045331541305448e-02
-4.611655157198846222e-02
-9.391248138375454801e-03
1.415912303862526533e-02
9.465821321924111631e-03
-9.465821489863995852e-03
-1.415912327880702870e-02
9.391247785347694998e-03
4.611655111624946013e-02
-6.728769737540185591e-02
6.728769687068270056e-02
-4.836045379274678258e-02
-9.601277326224705311e-03
2.402529426372590482e-02
2.959299300232476337e-02
1.166336286477268058e-02
-2.926446282469435944e-03
7.742381970316153383e-03
3.833075597855173378e-02
6.090482332178914771e-02
-8.340372903621467993e-03
3.130692477757279768e-02
4.628612484386473991e-02
3.124631439231712049e-02
8.310035432063364591e-03
4.804127599134867636e-03
2.595550846503896780e-02
4.928444044384372447e-02
3.504388857931084456e-02
5.750626327604024812e-02
4.691513787976375749e-02
1.819295525226544141e-02
8.903358501260311142e-04
1.027517434781329009e-02
3.231545218707415623e-02
6.183467088849525783e-02
5.677001176154738982e-02
2.553101489326220497e-02
-3.534787247765153184e-03
-6.949661708513604763e-03
1.145278394382598375e-02
5.963246493794449599e-02
2.945392885919723147e-02
-7.904929057696075123e-03
-2.365628098758570941e-02
-1.101940347016072685e-02
2.954782309630121784e-02
-1.162658201685684567e-02
-3.771608388194680472e-02
-3.240559757774919003e-02
-1.421170076830191586e-02
-4.720063172098654114e-02
-4.990972505515556268e-02
-5.084416866617580411e-02
-6.081166214177569085e-02
-6.224728962786707509e-02
