-6.289968546013824380e-11
-6.082723214007046408e-11
-6.336831059883252237e-11
-6.098321847503029858e-11
-5.383185563978543087e-11
-6.378975125898023180e-11
-5.388170465359110040e-11
-6.132139240833112126e-11
-4.288436272759099666e-11
-6.428479970566058910e-11
-4.288552846176685307e-11
-5.414946269155507252e-11
-6.178890732400077468e-11
-2.933753240341729907e-11
-1.483324574280686647e-11
-2.931710429976419618e-11
-6.485112447052188145e-11
-4.310884982317020331e-11
-5.457698182276260468e-11
-6.234265881310818713e-11
-2.951905386794351216e-11
-6.544711994571628111e-11
-4.350397819763429652e-11
-5.510533696018171668e-11
-6.292874554780780727e-11
-2.989714031897960922e-11
-6.602107749387187141e-11
-4.400824149541904262e-11
-5.566962342495873628e-11
-6.348843673009696431e-11
-6.653100292908220581e-11
-4.455064095409966285e-11
-5.620180709708932909e-11
-6.396705387601286930e-11
-6.697664645116674365e-11
-4.505690265332873423e-11
-5.663597368865680437e-11
-6.431954968633135650e-11
-6.748912539933371590e-11
-4.545530618571547166e-11
-5.691036530919291181e-11
-6.448530598390789237e-11
-4.568123657122669101e-11
-5.696196292426236596e-11
-4.568234679425131617e-11
-1.119659920334470371e-12
-1.481270661685130108e-11
-1.501532231884539215e-11
-1.539435245945242059e-11
-3.038755358453215649e-11
-3.091676914479535299e-11
-3.140776527743582847e-11
-3.178679541804285691e-11
-1.728295284664227438e-11
-3.198941112003694798e-11
-3.196876097177892007e-11
