-5.023930604863835470e-09
-4.761555816301665800e-09
-5.083250709247977284e-09
-4.781303908352185772e-09
-3.875952003795646306e-09
-5.136606140432320444e-09
-3.882274585143008494e-09
-4.824111443646472708e-09
-2.490003758737202588e-09
-5.199274899503336655e-09
-2.490166461921461405e-09
-3.916161284145402988e-09
-4.883305426695017104e-09
-7.749806352208565841e-10
1.061262078216884674e-09
-7.723994777109055576e-10
-5.270975739213312750e-09
-2.518422137498532720e-09
-3.970279452425451439e-09
-4.953405824403844804e-09
-7.979638061428317997e-10
-5.346429132746521873e-09
-2.568439738670491579e-09
-4.037161674408373813e-09
-5.027598920515075065e-09
-8.458131972588489589e-10
-5.419072746093434034e-09
-2.632270998392804984e-09
-4.108590330800798718e-09
-5.098440780670898675e-09
-5.483629106350917937e-09
-2.700926732268627006e-09
-4.175955789498253523e-09
-5.159034199841983082e-09
-5.540032654849369465e-09
-2.765015050254504558e-09
-4.230908207114580932e-09
-5.203649622309569622e-09
-5.604903652312032136e-09
-2.815445321324716588e-09
-4.265646946777224002e-09
-5.224630172939725981e-09
-2.844051660844115759e-09
-4.272176556963103167e-09
-2.844193880413570241e-09
2.797391429609774605e-09
1.063867216544167604e-09
1.038210184489685162e-09
9.902390019078666228e-10
-9.078921225924574401e-10
-9.748836460321541608e-10
-1.037041563733964722e-09
-1.085012746315783261e-09
7.511612443167337005e-10
-1.110669778370265703e-09
-1.108064529020680311e-09
