-2.464517478983907495e-11
-2.457989367599111574e-11
-2.465982973376412701e-11
-2.458477865729946643e-11
-2.435951440560302217e-11
-2.467315241005962889e-11
-2.436106871783749739e-11
-2.459543679833586793e-11
-2.401467913415444855e-11
-2.468869553240438108e-11
-2.401467913415444855e-11
-2.436947865724903295e-11
-2.461003623110968874e-11
-2.358802042579100089e-11
-2.313116365115774897e-11
-2.358735429197622580e-11
-2.470645910079838359e-11
-2.402172905036081829e-11
-2.438288460027138171e-11
-2.462746673259630370e-11
-2.359368256321658919e-11
-2.472527738106577999e-11
-2.403413579266100442e-11
-2.439951019006514343e-11
-2.464592419038069693e-11
-2.360556194958007836e-11
-2.474331850521593879e-11
-2.404999810412533634e-11
-2.441727549318262191e-11
-2.466354898089662129e-11
-2.475941673907300355e-11
-2.406706778312894812e-11
-2.443403812613098580e-11
-2.467870352518275467e-11
-2.477351657148574304e-11
-2.408295785016889567e-11
-2.444769386933387523e-11
-2.468980575542900624e-11
-2.478972582764527033e-11
-2.409544785919592869e-11
-2.445635360892595145e-11
-2.469502380364474448e-11
-2.410249777540229843e-11
-2.445799118788727355e-11
-2.410260879770476095e-11
-2.269917587227610056e-11
-2.313049751734297388e-11
-2.313682578858333727e-11
-2.314870517494682645e-11
-2.362099404962236804e-11
-2.363761963941612976e-11
-2.365307949503403506e-11
-2.366495888139752424e-11
-2.320810210676427232e-11
-2.367128715263788763e-11
-2.367062101882311254e-11
