-4.318145840898068855e-11
-4.214351090325862970e-11
-4.341604853408398412e-11
-4.222167060419224072e-11
-3.864031317135641075e-11
-4.362710193106522638e-11
-3.866526543383486114e-11
-4.239097961544757709e-11
-3.315792085345492524e-11
-4.387501473246402384e-11
-3.315853147611846907e-11
-3.879932486405834879e-11
-4.262512565134102260e-11
-2.637379203918044368e-11
-1.911026892287281953e-11
-2.636357798735389224e-11
-4.415862120410452007e-11
-3.327033093469822234e-11
-3.901343137435731023e-11
-4.290243160731677108e-11
-2.646471930489724400e-11
-4.445710466427499341e-11
-3.346820043326204086e-11
-3.927803221559500457e-11
-4.319589130830081558e-11
-2.665406784174706445e-11
-4.474454140535044644e-11
-3.372073453800084053e-11
-3.956060652676729461e-11
-4.347616711086743635e-11
-4.499989270101423244e-11
-3.399233672318757726e-11
-3.982711382910508746e-11
-4.371591977303523890e-11
-4.522304752896388891e-11
-3.424588390643634739e-11
-4.004455100847792437e-11
-4.389244523395063879e-11
-4.547962006995476258e-11
-3.444539098396148802e-11
-4.018199661892651875e-11
-4.397537889389013799e-11
-3.455857822132202273e-11
-4.020783705982466927e-11
-3.455913333283433531e-11
-1.224276235944898872e-11
-1.910005487104626809e-11
-1.920141823319454488e-11
-1.939126637040544665e-11
-2.689964917479414908e-11
-2.716465941077217394e-11
-2.741051829957541486e-11
-2.760036643678631663e-11
-2.033706536508361751e-11
-2.770184082123705593e-11
-2.769151574710804198e-11
