1.295293009422465724e-01
1.057776788049505923e-01
1.267720606033171382e-01
9.846955476284280362e-02
1.047963451719252648e-01
2.957528286479649271e-02
7.944784811134697478e-02
2.446226471502663258e-02
6.921458614090869599e-02
-6.147739308866689845e-02
5.101656855421343728e-02
1.737814983339661112e-02
-6.107120711730062990e-02
2.529307507057101945e-02
-1.241339397890206531e-01
1.680897962855204542e-02
9.030530539024084202e-03
-5.240993724564624312e-02
-1.180727553266798235e-01
-2.141097860648083495e-02
-1.288094540590344339e-01
-1.899261098629022315e-02
3.146440237624045788e-04
-3.659538767401432358e-02
-9.734880183820726618e-02
-1.198324053105765952e-01
-6.530807334770627470e-02
-7.312588182047602414e-02
-5.210643751188870354e-02
-7.804623379279096093e-03
-1.568507261600811387e-02
-6.452902474352573137e-02
-9.660816356623080914e-02
-6.550383663849151938e-02
-1.014214287718920859e-01
1.716577353460305155e-02
-7.864248552521835300e-02
-1.436108652907474442e-02
7.698214054229518544e-03
-2.366085974591630725e-02
-6.204097135938096974e-02
-5.077738152272376349e-02
1.954956322944967351e-02
-1.263533932531306636e-01
1.005202712824285749e-01
-9.555885442922107398e-02
-1.849074333294506434e-02
3.074357656338932987e-02
2.028875137175692456e-02
-2.028875154381193369e-02
-3.074357683045864098e-02
1.849074291322289065e-02
9.555885386742624110e-02
-1.399897652728759878e-01
1.399897646427014086e-01
-1.005202718711561971e-01
-1.954956371034374807e-02
5.077738119303759623e-02
6.204097115871792800e-02
2.366085959993763366e-02
-7.698214244775042348e-03
1.436108620688962556e-02
7.864248504217274949e-02
1.263533926603316315e-01
-1.716577403489566445e-02
6.550383626879702215e-02
9.660816333956745439e-02
6.452902461673121204e-02
1.568507250351313526e-02
7.804623178876713904e-03
5.210643715378621144e-02
1.014214282669573253e-01
7.312588143829656939e-02
1.198324050657649797e-01
9.734880172178350666e-02
3.659538762785216615e-02
-3.146440977182807242e-04
1.899261078452640916e-02
6.530807297955076862e-02
1.288094538085041707e-01
1.180727552138468583e-01
5.240993724521797459e-02
-9.030530503755518357e-03
-1.680897966800976029e-02
2.141097840844674582e-02
1.241339396776491855e-01
6.107120714139002704e-02
-1.737814972126858204e-02
-5.101656845390528661e-02
-2.529307509317424429e-02
6.147739312152128432e-02
-2.446226456073882782e-02
-7.944784791319126072e-02
-6.921458601371410779e-02
-2.957528269608605820e-02
-9.846955451185179786e-02
-1.047963449409149428e-01
-1.057776785380583062e-01
-1.267720603178545957e-01
-1.295293006472949537e-01
