2.198075993799220029e-02
1.791546240335073481e-02
2.140342279706974882e-02
1.653945414203450426e-02
1.730971446797047175e-02
4.833824845915157820e-03
1.295827826916051695e-02
3.844158453133572628e-03
1.081280883197355269e-02
-1.076387902851994038e-02
7.707135461102465612e-03
2.354048042399831120e-03
-1.077604413569582809e-02
2.989004030975378479e-03
-2.142131472982999885e-02
1.572610009223152083e-03
6.097801777376066212e-04
-9.479452602346005730e-03
-2.041642994921977206e-02
-5.089617464312828909e-03
-2.206433657487671951e-02
-4.618315197863764876e-03
-1.095861921267891892e-03
-6.970525015903145105e-03
-1.693022325690818342e-02
-2.050621513984407507e-02
-1.245004819438921828e-02
-1.232560422256256949e-02
-1.012285309158211799e-02
-2.508434350608613680e-03
-3.506544448191026286e-03
-1.136118101366190292e-02
-1.646034017505482172e-02
-1.095349568831571752e-02
-1.833217139740106472e-02
3.324036816423181495e-03
-1.436809625603985285e-02
-3.461743770110506380e-03
5.179891894896981874e-04
-4.369437093595357480e-03
-1.044421316693078250e-02
-8.254238333087859925e-03
3.829575205947538530e-03
-2.231093023554042709e-02
1.772137680746721511e-02
-1.698640823021302371e-02
-3.894165585164713339e-03
4.613157815867741096e-03
3.205263143245845603e-03
-3.205263306906208642e-03
-4.613158027643615711e-03
3.894165298950424958e-03
1.698640787693994625e-02
-2.451450882476535753e-02
2.451450843972269311e-02
-1.772137717508626142e-02
-3.829575523825762273e-03
8.254238089784704524e-03
1.044421298948300381e-02
4.369436943454901856e-03
-5.179893633914939288e-04
3.461743531980310262e-03
1.436809594246801769e-02
2.231092986960625524e-02
-3.324037144900954255e-03
1.095349542447704438e-02
1.646033998579843338e-02
1.136118087509485619e-02
3.506544313294043813e-03
2.508434170323283613e-03
1.012285283740205211e-02
1.833217107498874565e-02
1.232560395234905126e-02
2.050621494302440340e-02
1.693022312710967814e-02
6.970524916298598272e-03
1.095861800912444062e-03
4.618315014850854494e-03
1.245004793572546120e-02
2.206433637634053202e-02
2.041642982522906546e-02
9.479452530582355152e-03
-6.097802435156562950e-04
-1.572610118559525372e-03
5.089617281611585886e-03
2.142131460878771154e-02
1.077604408196958241e-02
-2.354048065032809944e-03
-7.707135503385698083e-03
-2.989004135259404338e-03
1.076387898185859893e-02
-3.844158448158496721e-03
-1.295827825864537264e-02
-1.081280886508617645e-02
-4.833824830935917749e-03
-1.653945409830670510e-02
-1.730971444535756021e-02
-1.791546234867047449e-02
-2.140342274026563185e-02
-2.198075987321956859e-02
