2.536534896544107021e-02
2.064653724041287663e-02
2.481721257108426837e-02
1.920412551407002510e-02
5.537400328325031706e-03
2.045647941695349914e-02
4.555680210551138476e-03
1.545749261770612559e-02
-1.245369918657279751e-02
1.338895826576302905e-02
-1.232934178714745199e-02
3.227227237850266439e-03
9.837278052596765132e-03
-2.473807851541409697e-02
-2.547801299196894576e-02
-2.350881723732900497e-02
4.656300941355495659e-03
-1.052287669944290682e-02
1.639464288877193199e-03
3.051878069300878460e-03
-1.935637569531756252e-02
-4.630197607003505578e-03
-7.306631787737244421e-03
-5.628616131079372531e-05
-4.064616071807886089e-03
-1.281050492344193437e-02
-1.335339203363905547e-02
-3.114607016275056095e-03
-1.672096000840700425e-03
-1.065705622556911703e-02
-2.052490002533402524e-02
1.525656225299903967e-03
-3.014618035371688376e-03
-1.595214436783720657e-02
-2.547315088587531751e-02
6.054641294737872492e-03
-3.907677050282415410e-03
-1.934182535602324560e-02
-2.817942936502593199e-02
9.948226022596151630e-03
-4.201213220922012104e-03
-2.034786278808664584e-02
1.278154922454372011e-02
-3.771008112911422572e-03
1.425589332014365329e-02
-1.425589332993637548e-02
-2.370516089550245287e-02
-1.913268524291422690e-02
-1.230958221955746890e-02
-4.681026993993586682e-03
4.042698690466972611e-03
1.230958211234345345e-02
1.913268517002952862e-02
1.935637561660208394e-02
2.370516084985008209e-02
2.547801295558593804e-02
