-6.514195849405268746e-10
-6.184678325027448409e-10
-6.588698475695764500e-10
-6.209480707397574406e-10
-5.072442466058646460e-10
-6.655709317016089699e-10
-5.080382781130765579e-10
-6.263245477811096862e-10
-3.331820375152005909e-10
-6.734418578346890172e-10
-3.332025766411561563e-10
-5.122943180779770955e-10
-6.337589897320583532e-10
-1.177911101990503084e-10
1.128238613645748956e-10
-1.174670360981622252e-10
-6.824470988320285869e-10
-3.367513490282192379e-10
-5.190914087460640758e-10
-6.425633081175163852e-10
-1.206778010853781780e-10
-6.919237682811996137e-10
-3.430334072351826080e-10
-5.274916198283463586e-10
-6.518816597633758647e-10
-1.266876603622790753e-10
-7.010475533419935346e-10
-3.510504525960911337e-10
-5.364628376941515953e-10
-6.607792091273267943e-10
-7.091556231131335153e-10
-3.596734993172034933e-10
-5.449237588939226384e-10
-6.683895659165273173e-10
-7.162396231663592516e-10
-3.677228521681286111e-10
-5.518256407377464257e-10
-6.739930835664154074e-10
-7.243867727879660379e-10
-3.740567300347663604e-10
-5.561887062022208283e-10
-6.766280868930607539e-10
-3.776496337870582920e-10
-5.570088557060870471e-10
-3.776675638889059883e-10
3.308654461520177392e-10
1.131509330676294667e-10
1.099283997163524873e-10
1.039033303840142253e-10
-1.344846178863434716e-10
-1.428986096119189142e-10
-1.507054481209024743e-10
-1.567305174532407364e-10
7.387579437079239142e-11
-1.599530508045177157e-10
-1.596258680791606821e-10
