6.120676188103857385e-10
6.046174672036386255e-10
5.716656037435541293e-10
5.741459530028691916e-10
4.604421288689763969e-10
6.187687029424182583e-10
4.612362436429151558e-10
5.795223190219189746e-10
2.863799197783123418e-10
6.266395180531958431e-10
2.864004589042679072e-10
4.654922558522400777e-10
5.869567609728676416e-10
6.356448978284134910e-10
4.722892493758124033e-10
5.957611071139012893e-10
6.451215395220089022e-10
4.806894327025190705e-10
6.050794865153363844e-10
6.542453245828028230e-10
3.042482932258394612e-10
4.896606349558130233e-10
6.139769248569848514e-10
6.623533943539428037e-10
3.128712844358005896e-10
4.981215301347319269e-10
6.215873371573366057e-10
6.694373944071685401e-10
5.050233842229800985e-10
6.271908548072246958e-10
6.775846550510777888e-10
5.093865051986057324e-10
6.298259691561725049e-10
7.098899246216205938e-11
7.066491836127397619e-11
2.899492868024822201e-10
2.962312894982943590e-10
7.988554262539082629e-11
8.768247239387960690e-11
9.609646411945504951e-11
3.209205678977866683e-10
3.272545567867268801e-10
3.308475715613212742e-10
5.102066824580475668e-10
