2.334709883178298639e-05
2.238140325960813470e-05
2.338206314211888071e-05
2.464973325810859706e-05
2.631356264223838615e-05
2.705296805882717592e-05
2.717779475003290202e-05
2.788220745397751443e-05
2.724215141980401711e-05
3.267733156109287052e-05
2.730436016934456589e-05
2.873775589470883851e-05
3.252898606492804490e-05
3.928836782568501107e-05
3.066891652886427622e-05
3.784383324290097050e-05
4.595696471923482740e-05
3.260096009839730247e-05
4.307769978872943994e-05
5.189509423741966998e-05
2.329323542529793123e-05
3.422016969517084617e-05
4.761284842685897800e-05
5.656351684946159253e-05
2.080548928368175510e-05
3.533668056893146669e-05
5.103678201756611799e-05
5.975912373878955464e-05
3.589993962846427245e-05
5.313997474021281420e-05
6.181143323558124791e-05
3.595744241685627784e-05
5.377063903355683294e-05
2.189933859564341390e-05
2.114948819786910406e-05
2.667276689721775895e-05
2.531237211569892231e-05
1.502571429756738297e-05
1.028952462667209744e-05
5.122009582497755176e-06
1.814866060251274504e-05
1.568776945048977467e-05
1.378326339279700719e-05
3.556658343073504369e-05
