6.462964559163617562e-01
5.244456509014985279e-01
6.336106697619524608e-01
4.899041136104963501e-01
5.266234044302923190e-01
1.376245005710504399e-01
4.009879984611479653e-01
1.169946831164485335e-01
3.516784048506775284e-01
-3.192728690311208983e-01
2.648049313374328806e-01
9.300110197096100872e-02
-3.114174908127255170e-01
1.331179345916650714e-01
-6.281703854902103146e-01
9.665761662226304840e-02
6.165713882364930870e-02
-2.565182356737838454e-01
-5.945508615044819978e-01
-1.017946575182700070e-01
-6.434055011838744065e-01
-8.321003841768781495e-02
2.367994547922510143e-02
-1.671007239582495418e-01
-4.857152577331225185e-01
-5.996531265620179685e-01
-3.245604098298505713e-01
-3.574846020929035584e-01
-2.529382789231796602e-01
-1.702498595101666762e-02
-5.661891954299430596e-02
-3.170025103094450403e-01
-4.876749467390442128e-01
-3.242673054502531738e-01
-5.088985337616824811e-01
9.668281595675996820e-02
-3.917759009044811669e-01
-5.546805744497585594e-02
6.086895920971333723e-02
-1.095838555823379773e-01
-3.185206164729370570e-01
-2.616154470141463517e-01
1.028307843314351239e-01
-6.360855452065341531e-01
5.106517989154928383e-01
-4.824418998374158107e-01
-8.622474793031960349e-02
1.711495077529242570e-01
1.111720297880463976e-01
-1.111720298560675280e-01
-1.711495077604439086e-01
8.622474715832675884e-02
4.824418987410383775e-01
-7.048939667717286639e-01
7.048939662646196425e-01
-5.106517996880143295e-01
-1.028307851439921872e-01
2.616154467473175149e-01
3.185206165077242857e-01
1.095838553814492966e-01
-6.086895940743295569e-02
5.546805717045699691e-02
3.917758997314254588e-01
6.360855441091312068e-01
-9.668281656402408220e-02
3.242673050798076106e-01
4.876749466558130131e-01
3.170025101699737169e-01
5.661891903843356555e-02
1.702498573304996043e-02
2.529382781935640701e-01
5.088985324355546069e-01
3.574846017324679881e-01
5.996531264098050595e-01
4.857152576042166880e-01
1.671007235688096448e-01
-2.367994567803125699e-02
8.321003806664818703e-02
3.245604089510971679e-01
6.434055010198451718e-01
5.945508613982641855e-01
2.565182354192055980e-01
-6.165713861237698962e-02
-9.665761635969591370e-02
1.017946571972155462e-01
6.281703853633662238e-01
3.114174904579217751e-01
-9.300110150575156831e-02
-2.648049304689116812e-01
-1.331179340547180290e-01
3.192728685795007126e-01
-1.169946828911439807e-01
-4.009879974825010795e-01
-3.516784036992085527e-01
-1.376245004503507952e-01
-4.899041129413835849e-01
-5.266234033726329145e-01
-5.244456504403346431e-01
-6.336106691149310244e-01
-6.462964554550604257e-01
