-1.808997396324230067e-10
-1.726357945486256540e-10
-1.827681339605646826e-10
-1.732578525093231292e-10
-1.447424402556407586e-10
-1.844487895752422446e-10
-1.449415309995316647e-10
-1.746063293950328443e-10
-1.010899142173116161e-10
-1.864226550907233104e-10
-1.010950212432248918e-10
-1.460089271709819059e-10
-1.764707824314371010e-10
-4.707267908798939970e-11
1.076250200071626750e-11
-4.699141076258683825e-11
-1.886811817897182664e-10
-1.019850870420668798e-10
-1.477135913585669869e-10
-1.786788217383872279e-10
-4.779665552234746428e-11
-1.910579194852601859e-10
-1.035605767807368238e-10
-1.498203505700956839e-10
-1.810158967163744137e-10
-4.930389430057857680e-11
-1.933461168945882491e-10
-1.055712184339085979e-10
-1.520703406948653580e-10
-1.832473617291441315e-10
-1.953796013864916858e-10
-1.077338773747271716e-10
-1.541923394521305113e-10
-1.851560016419284693e-10
-1.971562912927993239e-10
-1.097526514115543250e-10
-1.559233575587626319e-10
-1.865614329688014550e-10
-1.991995457473194620e-10
-1.113412695374904615e-10
-1.570176211274088018e-10
-1.872223487353608107e-10
-1.122423265442762386e-10
-1.572233176982962277e-10
-1.122467674363747392e-10
6.544453867718402762e-11
1.084443645993360406e-11
1.003630512030895261e-11
8.525291583794114558e-12
-5.125933011385086502e-11
-5.336955877233151568e-11
-5.532752034298482613e-11
-5.683864490180212670e-11
9.944267631567527133e-13
-5.764688726372924066e-11
-5.756484178220944159e-11
