1.359659052013739711e-10
1.340973998509298326e-10
1.258335657894349424e-10
1.264556237501324176e-10
9.794004496299635321e-11
1.376464497937490705e-10
9.813919121803849066e-11
1.278038785912372077e-10
5.428757443581844200e-11
1.396204263315325989e-10
5.429273697288294898e-11
9.920664290063996305e-11
1.296684426499439269e-10
1.418789252749519392e-10
1.009113764771640831e-10
1.318766207347721320e-10
1.442556352149182430e-10
1.030181495664805880e-10
1.342136402016080865e-10
1.465437771130950750e-10
5.876900355250569419e-11
1.052680980578868386e-10
1.364450774588021886e-10
1.485773726273009743e-10
6.093164861553646006e-11
1.073900690595763763e-10
1.383536618604352952e-10
1.503539515113061498e-10
1.091210177772694578e-10
1.397589821650058184e-10
1.523972059658262879e-10
1.102151703236131652e-10
1.404198979315651741e-10
2.703393064962256176e-13
1.890709810936641588e-13
5.518274726057370572e-11
5.675832026597049662e-11
2.501721052539096490e-12
4.457156865811384705e-12
6.567413279867650999e-12
6.295036714121238219e-11
6.453898526714851869e-11
6.543998676278306448e-11
1.104208946500762067e-10
