-3.983936447404801129e-08
-3.775027213048787189e-08
-4.031169975604598221e-08
-3.790752645116413078e-08
-3.069887213880129195e-08
-4.073656922898294397e-08
-3.074922397261481422e-08
-3.824840555388675511e-08
-1.966356499849553074e-08
-4.123561025970445826e-08
-1.966485940751994121e-08
-3.101905252100856103e-08
-3.871976755887018840e-08
-6.008002872981421660e-09
8.612835111776462327e-09
-5.987438767007802198e-09
-4.180656829055884316e-08
-1.988982595291233224e-08
-3.144996811588196550e-08
-3.927796757285939577e-08
-6.190953194540327331e-09
-4.240739395755532826e-08
-2.028805276554912496e-08
-3.198250590058515641e-08
-3.986874277939200795e-08
-6.571886090878109599e-09
-4.298583078377049560e-08
-2.079625317785716021e-08
-3.255123110293411948e-08
-4.043281931487285874e-08
-4.349986093554747413e-08
-2.134285610744246497e-08
-3.308759262410365665e-08
-4.091528271743527512e-08
-4.394896857551344738e-08
-2.185308622948411994e-08
-3.352511337983976603e-08
-4.127051966840156183e-08
-4.446549950465339407e-08
-2.225457218507642665e-08
-3.380169058542215055e-08
-4.143756959784639093e-08
-2.248230412948970525e-08
-3.385366828534408512e-08
-2.248341812727261413e-08
2.243661545442421357e-08
8.633596726426162604e-09
8.429353659522575981e-09
8.047460808846551572e-09
-7.066101925801149264e-09
-7.599425033699702681e-09
-8.094263592717254596e-09
-8.476156443393279005e-09
6.144150410669624307e-09
-8.680399510296865628e-09
-8.659637784624862888e-09
