-2.371303153836379352e-11
-2.369660023759934120e-11
-2.371658425204259402e-11
-2.369782148292642887e-11
-2.364128337539739277e-11
-2.371991492111646949e-11
-2.364167195345601158e-11
-2.370048601818552925e-11
-2.355482475735470871e-11
-2.372380070170265753e-11
-2.355482475735470871e-11
-2.364378137720279938e-11
-2.370414975416679226e-11
-2.344779925778084362e-11
-2.333333526394198998e-11
-2.344768823547838110e-11
-2.372824159380115816e-11
-2.355660111419410896e-11
-2.364716755742790610e-11
-2.370847962396283037e-11
-2.344924254771285632e-11
-2.373296004165581508e-11
-2.355970973866305940e-11
-2.365131701598244263e-11
-2.371305929393940914e-11
-2.345224014987934424e-11
-2.373756746720800948e-11
-2.356366490818828652e-11
-2.365576484697484716e-11
-2.371752794161352540e-11
-2.374156427009666004e-11
-2.356792538904528556e-11
-2.365996287778671103e-11
-2.372135821104848219e-11
-2.374511698377546054e-11
-2.357192219193393612e-11
-2.366340456916304902e-11
-2.372413376861004508e-11
-2.374922480896657362e-11
-2.357508632755411782e-11
-2.366551399290983682e-11
-2.372535501393713275e-11
-2.357675166209105555e-11
-2.366593032654407125e-11
-2.357680717324228681e-11
-2.322497749673857470e-11
-2.333322424163952746e-11
-2.333477855387400268e-11
-2.333766513373802809e-11
-2.345604266373868541e-11
-2.346023375565664537e-11
-2.346400851394037090e-11
-2.346700611610685883e-11
-2.335243109996554267e-11
-2.346867145064379656e-11
-2.346844940603887153e-11
