-1.262212490749092808e-06
-1.196210426046562247e-06
-1.277279022993127455e-06
-1.201341500389752071e-06
-9.733945272316635311e-07
-1.291170963813037531e-06
-9.750984174272669947e-07
-1.212524641580614571e-06
-6.243114759607593101e-07
-1.307621367407918456e-06
-6.243737499800339208e-07
-9.838496676517483053e-07
-1.227993043084740776e-06
-1.916648417754629463e-07
2.724060744752065943e-07
-1.909430216162633087e-07
-1.326426837949812310e-06
-6.314611645241718918e-07
-9.977429942104043548e-07
-1.246255376785576630e-06
-1.971503170716815134e-07
-1.346136239671613666e-06
-6.439580758077489975e-07
-1.014831558496243069e-06
-1.265495085889245530e-06
-2.088265387278909202e-07
-1.365012311849156390e-06
-6.598515750882993913e-07
-1.032995337935105340e-06
-1.283771832283342462e-06
-1.381690420854120305e-06
-6.768864954376230259e-07
-1.050046177980545892e-06
-1.299325774528625743e-06
-1.396166820155642085e-06
-6.927295592151772041e-07
-1.063893059732867741e-06
-1.310723984127015740e-06
-1.412693653168872743e-06
-7.051411214376024361e-07
-1.072602148322054916e-06
-1.316050809108126884e-06
-7.121186305081295131e-07
-1.074187797128756117e-06
-7.120324058140781176e-07
7.119856031412297170e-07
2.731894165330928104e-07
2.670333267840163671e-07
2.553964344453873991e-07
-2.239785069357846936e-07
-2.403135931638988865e-07
-2.554432373402804046e-07
-2.670801295678870702e-07
1.971035141767885079e-07
-2.732362193169635134e-07
-2.724528772590772974e-07
