1.008041095040823620e-08
9.961956815018879752e-09
9.438031911557231979e-09
9.477466256235800302e-09
7.669607449134474564e-09
1.018695383603329674e-08
7.682232849859360613e-09
9.562946545749184679e-09
4.902065864342830537e-09
1.031209417856615573e-08
4.902390438044079701e-09
7.749899111342273272e-09
9.681147938866985214e-09
1.045527006637847478e-08
7.857964265389760783e-09
9.821127661124862129e-09
1.060593873836168655e-08
7.991516927374764379e-09
9.969279402000097434e-09
1.075099631542286716e-08
5.186147483682290726e-09
8.134147759866761085e-09
1.011073896828307284e-08
1.087990519899051378e-08
5.323240473420476349e-09
8.268664794530700135e-09
1.023173401559773765e-08
1.099253432723656942e-08
8.378395116581671687e-09
1.032082375118648088e-08
1.112207215214766620e-08
8.447762184227158855e-09
1.036271857213222347e-08
1.477407085559434563e-09
1.472252209033797499e-09
4.958811861133227694e-09
5.058688024028867858e-09
1.618845058004581006e-09
1.742804733861902378e-09
1.876573951786753014e-09
5.451212758966761385e-09
5.551912429790917258e-09
5.609033681963637719e-09
8.460800310361449306e-09
