2.554718317330051391e-02
2.083422445852955995e-02
2.488973698521845801e-02
1.925286007370907715e-02
2.018147371095369014e-02
5.671916726350284543e-03
1.513702904177682829e-02
4.536463109779481639e-03
1.269692503571850928e-02
-1.241402975987759838e-02
9.092771431623125622e-03
2.837092369634697242e-03
-1.242069097963499624e-02
3.665299143310651875e-03
-2.478869293531682505e-02
2.014885783551079168e-03
8.471704105685595732e-04
-1.090147767992954986e-02
-2.362182393560097182e-02
-5.683872416357926838e-03
-2.557235379533639996e-02
-5.149844673508915949e-03
-1.107532587164991589e-03
-7.976477535782039441e-03
-1.957772658346990102e-02
-2.376936665842277474e-02
-1.422518528110816582e-02
-1.433319113301145808e-02
-1.154198707379122668e-02
-2.740937131608625621e-03
-3.952506740989930600e-03
-1.312164631295115180e-02
-1.908850657588523347e-02
-1.274975156144980692e-02
-2.106871359782491737e-02
3.758043580941033968e-03
-1.648850909958166078e-02
-3.860612781675529237e-03
7.083218745844721553e-04
-5.021332802368549952e-03
-1.212757034249284382e-02
-9.638575597837761855e-03
4.334675005847166140e-03
-2.570614300716389522e-02
2.041064524536950753e-02
-1.954834954030026939e-02
-4.386859322936600969e-03
5.439256046814722190e-03
3.749387162599454593e-03
-3.749387326764497264e-03
-5.439256262004199538e-03
4.386859028758127721e-03
1.954834917491266033e-02
-2.827101962824807302e-02
2.827101922910846277e-02
-2.041064562600258814e-02
-4.334675333696996757e-03
9.638575349090405808e-03
1.212757016361221130e-02
5.021332652538734731e-03
-7.083220495079645129e-04
3.860612538637051006e-03
1.648850877641105939e-02
2.570614262833359476e-02
-3.758043920059878085e-03
1.274975129082783765e-02
1.908850638433634561e-02
1.312164617528194244e-02
3.952506607445990805e-03
2.740936950069024561e-03
1.154198681380275149e-02
2.106871326528203525e-02
1.433319085558815154e-02
2.376936645871896570e-02
1.957772645491107077e-02
7.976477439552764892e-03
1.107532469256197749e-03
5.149844489219845833e-03
1.422518501639835620e-02
2.557235359374832040e-02
2.362182381301802803e-02
1.090147761300958029e-02
-8.471704706734112245e-04
-2.014885889559447918e-03
5.683872232468523134e-03
2.478869281577789074e-02
1.242069093162750937e-02
-2.837092384194578321e-03
-9.092771466548910109e-03
-3.665299243863606726e-03
1.241402971927285659e-02
-4.536463095286213942e-03
-1.513702902090074964e-02
-1.269692506080721817e-02
-5.671916701335877331e-03
-1.925286001783321765e-02
-2.018147367713218898e-02
-2.083422439112836422e-02
-2.488973691535856236e-02
-2.554718309508374752e-02
