7.459021482037808681e-03
6.026003667010670917e-03
7.225456280481878935e-03
5.506112721231914975e-03
5.686613469916723673e-03
1.408708606203706859e-03
4.153824310375586748e-03
1.031118036631389900e-03
3.272230008328880224e-03
-4.067411724541614149e-03
2.191016909435683502e-03
4.393966760978251784e-04
-4.087720882888057350e-03
4.052143224116122600e-04
-7.740685607108055422e-03
-6.538303693653935156e-05
-2.523054617342423978e-04
-3.662619242914666451e-03
-7.387554941371554662e-03
-2.504212275459799519e-03
-7.810385232607575112e-03
-2.295293955909910588e-03
-9.101088724541156472e-04
-2.808274003514327211e-03
-6.155079840599042562e-03
-7.249434776019691995e-03
-5.104425988159300154e-03
-4.166979649969926314e-03
-4.230886992033833227e-03
-1.424051233773628022e-03
-1.597443778194387876e-03
-4.177661674011234894e-03
-5.792324702833973049e-03
-3.663850267799306781e-03
-7.144192781084024446e-03
1.566217963664379154e-03
-5.687628735044913952e-03
-1.734268262397600791e-03
-1.597294588836783991e-04
-1.684330845077630645e-03
-3.627318327707407253e-03
-2.667075798090723371e-03
1.765971836966695463e-03
-8.506342562072277680e-03
6.806723129781144799e-03
-6.566912391717250053e-03
-1.836404863380089458e-03
1.328528774707904425e-03
1.027530427854722594e-03
-1.027530588719793858e-03
-1.328528967407593964e-03
1.836404621529078018e-03
6.566912105690270174e-03
-9.269861446538074645e-03
9.269861139615587220e-03
-6.806723425134664218e-03
-1.765972099341511781e-03
2.667075585047085085e-03
3.627318158082204480e-03
1.684330693162511272e-03
1.597292908669251110e-04
1.734268051797049903e-03
5.687628474814521162e-03
8.506342267599831253e-03
-1.566218232893434870e-03
3.663850041600746898e-03
5.792324525951131342e-03
4.177661530151588476e-03
1.597443635955653196e-03
1.424051060965764517e-03
4.230886770437425337e-03
7.144192514897396151e-03
4.166979419735650225e-03
7.249434594634562856e-03
6.155079703180965645e-03
2.808273885025885930e-03
9.101087391553408512e-04
2.295293780783497217e-03
5.104425763431175156e-03
7.810385050309176513e-03
7.387554808390595085e-03
3.662619143540435385e-03
2.523053648766648838e-04
6.538291028138076832e-05
2.504212100310709843e-03
7.740685476331776727e-03
4.087720796106142362e-03
-4.393967437235357654e-04
-2.191016991483274445e-03
-4.052144460007234272e-04
4.067411642696527885e-03
-1.031118085314697286e-03
-4.153824356838864418e-03
-3.272230084607752332e-03
-1.408708648009016073e-03
-5.506112745049529522e-03
-5.686613508680826712e-03
-6.026003683319514082e-03
-7.225456295957166652e-03
-7.459021491971196127e-03
