1.755151748727978855e-05
1.722889523869675088e-05
1.667159120710692832e-05
1.693536609359558298e-05
1.472226690465983090e-05
1.830891445842031118e-05
1.488414108272162473e-05
1.758775667504153262e-05
1.108674886962646156e-05
1.940211718987061573e-05
1.110182255381619854e-05
1.524196716801151652e-05
1.851390591056656376e-05
2.067058835289459218e-05
1.571642665834649399e-05
1.956948201445318780e-05
2.194401183419625312e-05
1.621964009373977333e-05
2.060945237170042077e-05
2.307793434375149388e-05
1.087943838697091881e-05
1.667375518813428437e-05
2.151455243531996686e-05
2.397818516886029983e-05
1.066916306789733593e-05
1.702507718324974828e-05
2.220635323335606870e-05
2.462247800016914567e-05
1.724815783801791902e-05
2.264562259968183611e-05
2.511813527505957211e-05
1.733739986833904290e-05
2.279616897049585589e-05
5.550040340418505025e-06
5.425368931666341155e-06
1.108904355850981460e-05
1.102026226201813230e-05
4.656280601367246419e-06
4.071378113784662744e-06
3.428041149639016183e-06
1.041210018493110567e-05
1.014555110467885157e-05
9.910077581498644150e-06
1.728714368476325092e-05
