-2.836175738707424898e-11
-2.810152111010211229e-11
-2.842059920737938228e-11
-2.812106103533551504e-11
-2.722297387514061029e-11
-2.847355684565400225e-11
-2.722921887965412679e-11
-2.816358257717865854e-11
-2.584810143702043206e-11
-2.853572933503301101e-11
-2.584826797047412583e-11
-2.726283088172465341e-11
-2.822225786403009806e-11
-2.414668465178237966e-11
-2.232503071297742281e-11
-2.414413113882574180e-11
-2.860675585303340540e-11
-2.587624559069467978e-11
-2.731649628717747191e-11
-2.829175782537163286e-11
-2.416944422378719537e-11
-2.868161264046875658e-11
-2.592581704874419302e-11
-2.738281823511101720e-11
-2.836528234517743385e-11
-2.421690625808992081e-11
-2.875377713706939176e-11
-2.598911363893563475e-11
-2.745365913769948207e-11
-2.843564272936305315e-11
-2.881783700559026329e-11
-2.605723969928419592e-11
-2.752052752352796006e-11
-2.849576130614650538e-11
-2.887379224603137118e-11
-2.612082772301960176e-11
-2.757505335182486306e-11
-2.854005920482904912e-11
-2.893818518145963026e-11
-2.617084327027896506e-11
-2.760947026558824291e-11
-2.856082037538953955e-11
-2.619920946855813781e-11
-2.761590955913106882e-11
-2.619937600201183159e-11
-2.060274173487641747e-11
-2.232247720002078495e-11
-2.234790130728470103e-11
-2.239552987504112025e-11
-2.427846812480538574e-11
-2.434494272840481699e-11
-2.440658786184712881e-11
-2.445410540730108551e-11
-2.263256249079859117e-11
-2.447952951456500159e-11
-2.447697600160836373e-11
