-1.587803009073240901e-07
-1.504513589267730822e-07
-1.606640016582616681e-07
-1.510789483516461473e-07
-1.223382179171839113e-07
-1.623597261080078624e-07
-1.225394122561507260e-07
-1.524396056051813275e-07
-7.834028503683754252e-08
-1.643519623728550982e-07
-7.834554349717137711e-08
-1.236160903084204676e-07
-1.543210837451347572e-07
-2.389286235526810742e-08
3.440640827800933721e-08
-2.381061303680098717e-08
-1.666311690018407177e-07
-7.924242018120253306e-08
-1.253351912394728984e-07
-1.565488998434005907e-07
-2.462117443258193816e-08
-1.690292066591769782e-07
-8.082981411972056662e-08
-1.274593367239784669e-07
-1.589063016727010336e-07
-2.613855920596819260e-08
-1.713374218059726672e-07
-8.285533001362033190e-08
-1.297274253558161616e-07
-1.611567295722871052e-07
-1.733882086796256772e-07
-8.503363194134472280e-08
-1.318660797777759797e-07
-1.630812049846497302e-07
-1.751796311344477886e-07
-8.706671894564976810e-08
-1.336103423454915173e-07
-1.644979754633624225e-07
-1.772396618360261300e-07
-8.866626144410361121e-08
-1.347127811246462414e-07
-1.651641003963533194e-07
-8.957330338565938632e-08
-1.349197520927880589e-07
-8.957726371772167795e-08
8.953046104487327739e-08
3.448966723329505157e-08
3.367652068320126091e-08
3.215561816816148166e-08
-2.810718208179352473e-08
-3.023150418890452329e-08
-3.220242095203218469e-08
-3.372332346707196393e-08
2.457437164871123514e-08
-3.453647001716575460e-08
-3.445321106188004023e-08
