4.814441294975174701e-01
3.918031227204538114e-01
4.722199804774024345e-01
3.659560961311192351e-01
3.931017643283592489e-01
1.055404055229492294e-01
2.989530049035356019e-01
8.879916495462142345e-02
2.632878153521844844e-01
-2.347974815680596850e-01
1.969822694876678659e-01
6.824336110284147383e-02
-2.306614597519663357e-01
1.008017489100640623e-01
-4.668519498975914894e-01
7.155591025554033924e-02
4.305987488492205029e-02
-1.925304637567318011e-01
-4.426790549126018992e-01
-7.416684114314615883e-02
-4.809014650606588948e-01
-6.244629723711112024e-02
1.401238511857778868e-02
-1.277919461959436953e-01
-3.626027546915152056e-01
-4.478030198192669009e-01
-2.404220932812980438e-01
-2.697589037024693548e-01
-1.887977996367495026e-01
-1.627837986044691765e-02
-4.629995995617777055e-02
-2.375749570572560643e-01
-3.629858574042275077e-01
-2.434409490225182271e-01
-3.785170759782299776e-01
6.890788623209563590e-02
-2.920734265361786819e-01
-4.412347228143137512e-02
4.126409729939678472e-02
-8.337458811691936256e-02
-2.359709978682940634e-01
-1.938064532883622682e-01
7.513162949138638136e-02
-4.745626634036359537e-01
3.799065609308197589e-01
-3.593664005918213999e-01
-6.530196000054994121e-02
1.243368892657472635e-01
8.109590509777582501e-02
-8.109590523683299357e-02
-1.243368894894577859e-01
6.530195939001004479e-02
3.593663996994226340e-01
-5.268809165247506643e-01
5.268809156467929578e-01
-3.799065617670046580e-01
-7.513163016106362557e-02
1.938064529585585283e-01
2.359709977408372406e-01
8.337458795143125323e-02
-4.126409750012463573e-02
4.412347185794660703e-02
2.920734256699624720e-01
4.745626624264828175e-01
-6.890788688004764739e-02
2.434409486298150238e-01
3.629858572311436826e-01
2.375749569032579167e-01
4.629995975282165388e-02
1.627837960531261507e-02
1.887977990171371134e-01
3.785170750109280169e-01
2.697589033054948460e-01
4.478030196036825172e-01
3.626027545450098422e-01
1.277919460692346076e-01
-1.401238518611711004e-02
6.244629697029402404e-02
2.404220925942081033e-01
4.809014648304887896e-01
4.426790547470690340e-01
1.925304636956752802e-01
-4.305987471485082929e-02
-7.155591009281749015e-02
7.416684090195004020e-02
4.668519497053189582e-01
2.306614596654447680e-01
-6.824336081456797154e-02
-1.969822689449754749e-01
-1.008017486160676379e-01
2.347974814448295922e-01
-8.879916472427357155e-02
-2.989530042438293123e-01
-2.632878146472089065e-01
-1.055404053409746967e-01
-3.659560955832031892e-01
-3.931017635418060929e-01
-3.918031222535237612e-01
-4.722199798356211398e-01
-4.814441289440620775e-01
