5.371830146898948222e-02
4.387354030835421970e-02
5.245804964767397660e-02
4.070322706653894951e-02
4.298040064282304673e-02
1.223940061556380576e-02
3.245061054720810301e-02
9.984965311061966275e-03
2.778854158292454191e-02
-2.554375916102979982e-02
2.023658061637106931e-02
6.716973740673232163e-03
-2.547891656452178077e-02
9.265945096846611717e-03
-5.150736858377569227e-02
5.759028416709915943e-03
2.881636688080752018e-03
-2.212936126120074176e-02
-4.904284702127725826e-02
-1.014913690336638474e-02
-5.338454773537415488e-02
-9.122043544185345909e-03
-9.807791723012715401e-04
-1.583414852232337133e-02
-4.054787543857218957e-02
-4.964392191233490959e-02
-2.812651233963470165e-02
-3.022431465522912308e-02
-2.262403454606731756e-02
-4.363452961015187870e-03
-7.325654380254190134e-03
-2.703166824998404216e-02
-3.994446844539245589e-02
-2.698517527318411435e-02
-4.271317733776913705e-02
7.257753906387137688e-03
-3.324611839133506663e-02
-6.865549945167859214e-03
2.378620923279173294e-03
-1.012768923752349615e-02
-2.551482412546463019e-02
-2.066407526849795007e-02
8.365622180629861404e-03
-5.268510363867262569e-02
4.182454809901625659e-02
-3.991069340670572174e-02
-8.233616226682408112e-03
1.210512968872085038e-02
8.122082272203678954e-03
-8.122082439415645450e-03
-1.210512992416284961e-02
8.233615884924369577e-03
3.991069296842308933e-02
-5.816805095918908819e-02
5.816805047494622016e-02
-4.182454855774397906e-02
-8.365622567782032837e-03
2.066407498749400773e-02
2.551482393794096692e-02
1.012768908944222668e-02
-2.378621104151670829e-03
6.865549672808085591e-03
3.324611801016463808e-02
5.268510318182162422e-02
-7.257754308622299533e-03
2.698517496248498126e-02
3.994446823993891282e-02
2.703166811727164554e-02
7.325654254932464915e-03
4.363452772380805450e-03
2.262403425109665855e-02
4.271317694372034346e-02
3.022431433523570243e-02
4.964392169500997376e-02
4.054787531645742682e-02
1.583414844603428517e-02
9.807790698509316618e-04
9.122043352967595942e-03
2.812651203843546943e-02
5.338454751499821516e-02
4.904284690551763415e-02
2.212936122217123991e-02
-2.881636713530699723e-03
-5.759028501102825270e-03
1.014913671329348288e-02
5.150736847127956874e-02
2.547891654869693934e-02
-6.716973707048240483e-03
-2.023658060529093250e-02
-9.265945172898026883e-03
2.554375915419793142e-02
-9.984965240796173092e-03
-3.245061046305430796e-02
-2.778854155741672383e-02
-1.223940053212341228e-02
-4.070322693776518008e-02
-4.298040054002827404e-02
-4.387354016508226984e-02
-5.245804949886667679e-02
-5.371830130998622721e-02
