-1.000875959888958278e-08
-9.484834584405632540e-09
-1.012721362325663677e-08
-9.524268929084200863e-09
-7.716410177494026357e-09
-1.023375661990399976e-08
-7.729035494952185559e-09
-9.609749329619887703e-09
-4.948868537191231098e-09
-1.035889696243685876e-08
-4.949193055381329032e-09
-7.796701756435098218e-09
-9.727950667226537007e-09
-1.524209869430137587e-09
2.142508948033139404e-09
-1.519054881882198060e-09
-1.050207279473802657e-08
-5.005614533981628256e-09
-7.904766952115949152e-09
-9.867930333973262691e-09
-1.570101715309135670e-09
-1.065274138345451149e-08
-5.105490724632844035e-09
-8.038319593284271036e-09
-1.001608204709292238e-08
-1.665647730852981567e-09
-1.079779898827126772e-08
-5.232950184286266904e-09
-8.180950451797119882e-09
-1.015754164113147340e-08
-1.092670776081661188e-08
-5.370043187902240334e-09
-8.315467522890251928e-09
-1.027853668844613821e-08
-1.103933677804036506e-08
-5.498015487326313178e-09
-8.425197817185647864e-09
-1.036762631301257898e-08
-1.116887471397376430e-08
-5.598715158150469051e-09
-8.494564829319983801e-09
-1.040952102293601911e-08
-5.655836299300887049e-09
-8.507602872187547405e-09
-5.656119572705620158e-09
5.609316899857219596e-09
2.147711897215742738e-09
2.096480100632902577e-09
2.000691168291268696e-09
-1.789607434465878555e-09
-1.923376624635153576e-09
-2.047493841139669257e-09
-2.143282884503605601e-09
1.523298931438432646e-09
-2.194514681086445762e-09
-2.189311731903842428e-09
