2.965558344070196028e-05
1.445446049319620840e-05
2.587196777870115483e-05
7.475289298897180856e-06
-3.394574819548523692e-05
5.249004903395970700e-06
-3.888363026566254987e-05
-1.056197816651227583e-05
-8.680069743938201299e-05
-2.691751850525392342e-05
-8.699785824517469734e-05
-4.686488267466315527e-05
-3.677714126443243359e-05
-1.116046267952697235e-04
-8.758853103985053679e-05
-1.069110163915976131e-04
-6.522770094116725481e-05
-8.164728758136563513e-05
-5.640058721709251266e-05
-6.708068823460533459e-05
-9.104627888678606951e-05
-1.043339503122853174e-04
-7.095498050230242271e-05
-6.575377069167887001e-05
-9.727800274828002358e-05
-6.572863831361130948e-05
-1.395506237599208887e-04
-5.584907588920828836e-05
-7.344762366946061549e-05
-1.237647116421047855e-04
-1.674336769473816489e-04
-3.795367936440530165e-05
-7.858083941877924694e-05
-1.439478816221972934e-04
-1.863122028530339591e-04
-1.944551124333226966e-05
-8.090819124537129703e-05
-1.563248868320377127e-04
-1.973223994777839607e-04
-2.768139500564092970e-06
-8.067247026316559655e-05
-1.598539177820601509e-04
9.754517380000660154e-06
-7.822676425398022992e-05
1.629040389983238413e-05
-1.629045041084964396e-05
-8.021732103336010056e-05
-6.152428729011560904e-05
-3.387861517822887691e-05
-3.387975121138531165e-05
7.189819548059084298e-07
3.387856799075272818e-05
6.152424030236858243e-05
9.104623180355986278e-05
8.021727421581026363e-05
8.758848428569443456e-05
