3.207201590971209271e-07
3.169573503658540403e-07
3.003313241434213410e-07
3.015870650990848389e-07
2.442119884926707840e-07
3.241136263820720842e-07
2.446156878721517103e-07
3.043107047462356718e-07
1.563768561307909977e-07
3.281027942669823005e-07
1.563877994326112741e-07
2.467691332941335247e-07
3.080768771757114166e-07
3.326661216496162865e-07
2.502059110870424874e-07
3.125351480670612858e-07
3.374657054910912279e-07
2.544508423754643367e-07
3.172509445703575182e-07
3.420835255063536806e-07
1.653858746342162789e-07
2.589817165409014077e-07
3.217508728337037383e-07
3.461844807484126818e-07
1.697299997632795154e-07
2.632524428447524656e-07
3.255974951876794421e-07
3.497651112072119872e-07
2.667343813878009229e-07
3.284283217608319205e-07
3.538807440417457428e-07
2.689342531725369412e-07
3.297587403139345952e-07
4.766910333131590960e-08
4.750368964856477305e-08
1.581779361381485671e-07
1.613453449733626144e-07
5.214061538083569758e-08
5.606225311760582031e-08
6.029372454086079358e-08
1.737833815185219066e-07
1.769713535715311536e-07
1.787779865813909908e-07
2.693463098391024602e-07
