2.015248434794614241e-08
1.991594777983607401e-08
1.886974709819355667e-08
1.894849288586186731e-08
1.533846388790394144e-08
2.036523882864571533e-08
1.536367574828112481e-08
1.911918778851884326e-08
9.812086476657100320e-09
2.061513104667511698e-08
9.812734236280817868e-09
1.549879621864924673e-08
1.935522270235523479e-08
2.090103737306669984e-08
1.571458686788762549e-08
1.963474502431061808e-08
2.120190434329316531e-08
1.598127106344771065e-08
1.993058429405891729e-08
2.149156497210924499e-08
1.037934345415880699e-08
1.626608153379449639e-08
2.021305861577005203e-08
2.174897739681824760e-08
1.065309072900699761e-08
1.653468871543051222e-08
2.045466707123466676e-08
2.197388093705399115e-08
1.675380001397996921e-08
2.063256476780850335e-08
2.223255002320456697e-08
1.689231249324407713e-08
2.071622184907084829e-08
2.973534196648586203e-09
2.963238987518934664e-09
9.925397448373729503e-09
1.012483150097942541e-08
3.255951230851650280e-09
3.503471068810881661e-09
3.770578016482062367e-09
1.090862483676957595e-08
1.110970021533930208e-08
1.122375753448423552e-08
1.691834586314833189e-08
