-6.327751747026155726e-07
-5.996109300188123825e-07
-6.402968650842666420e-07
-6.021338537776088629e-07
-4.876647921592258683e-07
-6.471178534139809813e-07
-4.884826674267372937e-07
-6.076126672915904692e-07
-3.124108324259466940e-07
-6.551507500951458951e-07
-3.124351796168767237e-07
-4.928035399198726907e-07
-6.151889487271411383e-07
-9.543667212064121941e-08
1.370084705687446558e-07
-9.509892562320487741e-08
-6.643377219173185466e-07
-3.160042275629493247e-07
-4.996901433740319476e-07
-6.241510034088459946e-07
-9.829464953092781343e-08
-6.739910584918629155e-07
-3.223135466856597020e-07
-5.081868647074938572e-07
-6.336205533030714321e-07
-1.042851274779543758e-07
-6.832674749324141317e-07
-3.303558148426422036e-07
-5.172460787895155621e-07
-6.426459094321934629e-07
-6.914947299208051845e-07
-3.389955227361962642e-07
-5.257760496701902042e-07
-6.503520317835409514e-07
-6.986676956977078135e-07
-3.470503336377994685e-07
-5.327235080287984204e-07
-6.560171308400697399e-07
-7.068995511172460056e-07
-3.533792117260681209e-07
-5.371078970473064373e-07
-6.586760152860193784e-07
-3.569588351570729401e-07
-5.379234435387569846e-07
-3.569568561845315458e-07
3.569100535116831452e-07
1.373584045394338204e-07
1.341635944562824534e-07
1.281697292743189109e-07
-1.120572982182821420e-07
-1.204416603950431153e-07
-1.282165321692119164e-07
-1.342103973511754589e-07
9.824784663603480794e-08
-1.374052073233045235e-07
-1.370552732415930564e-07
