2.321220981530990324e-01
1.893933919420031087e-01
2.274568096282998386e-01
1.766213947985358912e-01
1.888456757180958512e-01
5.247839293951625517e-02
1.433948703565072202e-01
4.370294031150440128e-02
1.259083663419467980e-01
-1.110204876736248791e-01
9.337711765480527504e-02
3.201255471498647143e-02
-1.099083323336400575e-01
4.762178372164738160e-02
-2.233868105128962167e-01
3.259274109248541662e-02
1.816109520075723238e-02
-9.344920839545139968e-02
-2.122835345888340886e-01
-3.629865230391368658e-02
-2.315003921320722968e-01
-3.172571925358977363e-02
3.235019548128305333e-03
-6.407578968526875252e-02
-1.746323581287756443e-01
-2.154244087004696384e-01
-1.157961347209039982e-01
-1.311473481094022620e-01
-9.187701474032239357e-02
-1.132520354615572204e-02
-2.590299958049133155e-02
-1.152618967167683972e-01
-1.739475075865464238e-01
-1.177477851633938477e-01
-1.816738576638508018e-01
3.135132270614809924e-02
-1.406040439860938296e-01
-2.378214110417215671e-02
1.612951122966911621e-02
-4.159699034346379942e-02
-1.121649125989523932e-01
-9.208451227761421665e-02
3.522028395085391450e-02
-2.274086467033006320e-01
1.813190957265438108e-01
-1.719820451981407539e-01
-3.229967873394819222e-02
5.697820907987125039e-02
3.736817434624759016e-02
-3.736817451988402872e-02
-5.697820936718986373e-02
3.229967824706037050e-02
1.719820445214075288e-01
-2.523659264296551630e-01
2.523659256642043491e-01
-1.813190964295827712e-01
-3.522028450461867077e-02
9.208451191934574620e-02
1.121649123939376103e-01
4.159699019760167149e-02
-1.612951142894437917e-02
2.378214073400346240e-02
1.406040433972696180e-01
2.274086459764398382e-01
-3.135132327865031154e-02
1.177477847608794925e-01
1.739475073508797154e-01
1.152618965903883241e-01
2.590299947260968350e-02
1.132520333089290926e-02
9.187701431000605545e-02
1.816738570370546313e-01
1.311473476934815197e-01
2.154244084412341165e-01
1.746323580090834993e-01
6.407578965451662945e-02
-3.235019597101727873e-03
3.172571903868207088e-02
1.157961342729967869e-01
2.315003918635175628e-01
2.122835344652399536e-01
9.344920841132769995e-02
-1.816109510869576282e-02
-3.259274107603844783e-02
3.629865209821583893e-02
2.233868103852051368e-01
1.099083323653194944e-01
-3.201255453688081620e-02
-9.337711744633875321e-02
-4.762178367036262738e-02
1.110204877081085728e-01
-4.370294010118952466e-02
-1.433948700348889882e-01
-1.259083660822105100e-01
-5.247839272137469480e-02
-1.766213944366696875e-01
-1.888456753395004739e-01
-1.893933915730612316e-01
-2.274568092101665329e-01
-2.321220977365697768e-01
