-9.601523781599397012e-06
-9.153001067963018045e-06
-9.735337645477848412e-06
-9.223365228572255603e-06
-7.628673604681557308e-06
-9.932576463311804105e-06
-7.664238188626049109e-06
-9.389282724314718109e-06
-5.149661347569889358e-06
-1.019684523606567694e-05
-5.153035823546314731e-06
-7.770381105748347395e-06
-9.621872515852558649e-06
-1.916081014852188957e-06
1.752614475103442260e-06
-1.892968588101950900e-06
-1.050036220284766841e-05
-5.191429153839077770e-06
-7.923198660941821458e-06
-9.888944451807990532e-06
-1.880115608865473575e-06
-1.080748775231232806e-05
-5.250836346143428202e-06
-8.097094877951294123e-06
-1.015691236758153870e-05
-1.872006504810563854e-06
-1.108605245347948909e-05
-5.316931121809864713e-06
-8.267532702152524671e-06
-1.039648725953412622e-05
-1.131480757599057085e-05
-5.377302940950956511e-06
-8.414167078280021528e-06
-1.058670257947369464e-05
-1.149175974368699116e-05
-5.422784921604861808e-06
-8.522364155050254908e-06
-1.071502449545569391e-05
-1.165830820260005396e-05
-5.447494055788038025e-06
-8.581839667870516664e-06
-1.076661436372194913e-05
-5.447565171845525356e-06
-8.581852072614415405e-06
-5.419588866573121777e-06
5.419542070450589222e-06
1.788039769023974657e-06
1.815653953851636970e-06
1.836894429008140150e-06
-1.863916298805445848e-06
-1.852750777242562208e-06
-1.836941233901434600e-06
-1.815700756857552278e-06
1.880068802528889194e-06
-1.788086570697622335e-06
-1.752661276221978426e-06
