1.604497664987957206e-01
1.301961948767801358e-01
1.570460770722511556e-01
1.214739766826936629e-01
3.450205342043166645e-02
1.301283862002043934e-01
2.920205695074551411e-02
9.898404613918765360e-02
-7.865057530484581561e-02
8.643867077274747235e-02
-7.696418525890202922e-02
2.251731677765431150e-02
6.474243642207466731e-02
-1.554128219677618494e-01
-1.595610358021605224e-01
-1.472540099952869275e-01
3.212056481051395185e-02
-6.411346153972663497e-02
1.397950420750193601e-02
2.281047225789326061e-02
-1.206098611466656090e-01
-2.605982514958943286e-02
-4.268432972219163291e-02
4.147340935263109374e-03
-2.175363072345022630e-02
-7.907875788415208440e-02
-8.108126079474675674e-02
-1.570963539717207258e-02
-5.945755189401229560e-03
-6.357050735581232237e-02
-1.265147309173314527e-01
1.339488638035296608e-02
-1.508016612160483633e-02
-9.758928306675596076e-02
-1.577494100799770038e-01
4.111895858251682356e-02
-2.199850726453636551e-02
-1.196390223800778418e-01
-1.745127703368667405e-01
6.428113608848112781e-02
-2.539875136048164173e-02
-1.264223851104411267e-01
8.053748981293684661e-02
-2.361674282137143921e-02
8.897534712693550008e-02
-8.897534679799207202e-02
-1.486908561586705035e-01
-1.206444842936493789e-01
-7.839020351623104954e-02
-2.784564843976056192e-02
2.684308467216145466e-02
7.839020310047267737e-02
1.206444841360194697e-01
1.206098609078072315e-01
1.486908561853010902e-01
1.595610358881894841e-01
