3.880539012675932042e-03
3.139371377663735529e-03
3.783117336964014754e-03
2.898384548126076155e-03
7.610017213111053280e-04
3.061018690144967636e-03
5.917257941881748362e-04
2.271738552953150858e-03
-2.063951893307769403e-03
1.902289802070966651e-03
-2.055473968867016499e-03
3.487264127103317790e-04
1.342199786629638680e-03
-3.970163548959737554e-03
-4.030376516520717267e-03
-3.779732966328275268e-03
4.867170762011818752e-04
-1.792801278956590583e-03
6.200692605168311999e-05
2.368434040994904510e-04
-3.128161336184653862e-03
-1.000036665292858284e-03
-1.305880461035774376e-03
-2.306070471833412960e-04
-9.031483360142644745e-04
-2.094304761788456926e-03
-2.379350091387788524e-03
-6.536888007636354470e-04
-4.918181358187657254e-04
-1.941122426346530982e-03
-3.500825741088897658e-03
8.480478794029022716e-05
-6.906596745792914493e-04
-2.760975722449821035e-03
-4.269321157852501436e-03
8.203058746581448624e-04
-8.057876214501713541e-04
-3.277847394795641023e-03
-4.693154837424939885e-03
1.464006170601162005e-03
-8.255672237190980756e-04
-3.427718682985192444e-03
1.938101439942829796e-03
-7.448175157033221083e-04
2.182591111903553482e-03
-2.182591152887880526e-03
-3.745151280012848360e-03
-3.008048688441178342e-03
-1.911148087792469141e-03
-8.037635343928484222e-04
5.873380450772680561e-04
1.911148030021070365e-03
3.008048636304661017e-03
3.128161282896058104e-03
3.745151232627752513e-03
4.030376470874119654e-03
