-3.170041533717693483e-07
-3.003781270383143465e-07
-3.207669619920139326e-07
-3.016338679939778444e-07
-2.442587914430749407e-07
-3.241604293879873921e-07
-2.446624907115335645e-07
-3.043575077521509797e-07
-1.564236590256840032e-07
-3.281495972728976085e-07
-1.564346023275042796e-07
-2.468159362167821058e-07
-3.081236801261155733e-07
-4.771590611518661262e-08
6.869701041356535143e-08
-4.755049243243547608e-08
-3.327129244889981408e-07
-1.582247390885527238e-07
-2.502527140096910685e-07
-3.125819509341987157e-07
-4.916468188120859395e-08
-3.375125083027175066e-07
-1.613921478405000443e-07
-2.544976452634184483e-07
-3.172977474097393724e-07
-5.218741822021755183e-08
-3.421303284012466861e-07
-1.654326775152314966e-07
-2.590285194028346671e-07
-3.217976756730855925e-07
-3.462312834212610824e-07
-1.697768026581725209e-07
-2.632992457118898955e-07
-3.256442978605278427e-07
-3.498119138800603878e-07
-1.738301844134149121e-07
-2.667811841439160503e-07
-3.284751245447026236e-07
-3.539275468256164459e-07
-1.770181562998907054e-07
-2.689810559008964930e-07
-3.298055430978052982e-07
-1.788247892542393913e-07
-2.693931125674620120e-07
-1.788305095118403187e-07
1.787837067279696157e-07
6.886545289574996787e-08
6.724752099618314105e-08
6.421911724618922790e-08
-5.610905590147652333e-08
-6.034052738024264784e-08
-6.426592014108223339e-08
-6.729432378005384408e-08
4.911787909733789093e-08
-6.891225567962067089e-08
-6.874381319743605445e-08
