-1.022741891176792706e-10
-9.813572177108653705e-11
-1.032098850828333525e-10
-9.844725035179635597e-11
-8.416703445313089560e-11
-1.040514341354992212e-10
-8.426673248074223466e-11
-9.912248799537337618e-11
-6.230638227577856014e-11
-1.050400877389279231e-10
-6.230893578873519800e-11
-8.480133262267486316e-11
-1.000562410702343641e-10
-3.525535419157677097e-11
-6.292300014365537209e-12
-3.521472002887549024e-11
-1.061710719341135700e-10
-6.275474584427342961e-11
-8.565502473967256947e-11
-1.011620232027610200e-10
-3.561795303141934710e-11
-1.073612865276629691e-10
-6.354380910345014399e-11
-8.671009743554947136e-11
-1.023323925597452444e-10
-3.637279366586199103e-11
-1.085073142448322869e-10
-6.455075363120954535e-11
-8.783689574298758629e-11
-1.034499708119085426e-10
-1.095256108030184805e-10
-6.563381782509480900e-11
-8.889959601798835820e-11
-1.044058173249595711e-10
-1.104154545572555435e-10
-6.664480078910628436e-11
-8.976647203340348824e-11
-1.051095877002694579e-10
-1.114386360967500877e-10
-6.744033109740144027e-11
-9.031447811835846551e-11
-1.054405451839102170e-10
-6.789163675691156641e-11
-9.041747905946806441e-11
-6.789391271411204798e-11
2.109157293261887389e-11
-6.251332784756868932e-12
-6.656009077232738491e-12
-7.412737090817245189e-12
-3.735209364030822599e-11
-3.840888718187329687e-11
-3.938949166837346638e-11
-4.014621968195797308e-11
-1.118416470546890196e-11
-4.055089597443384264e-11
-4.050992874482517436e-11
