-2.512223749917552595e-06
-2.381815081164972980e-06
-2.542585594733637322e-06
-2.392624088187744746e-06
-1.941400850608010487e-06
-2.571970476039631137e-06
-1.945227916078096086e-06
-2.416422094420056510e-06
-1.249775678058284711e-06
-2.607320119474287878e-06
-1.249972787331632418e-06
-1.963429708456976286e-06
-2.449375554325339266e-06
-3.896903950639796221e-07
5.364669750651529512e-07
-3.879467209699782870e-07
-2.647708611830390524e-06
-1.263849398192018469e-06
-1.992011242762936618e-06
-2.488095465824624597e-06
-3.992414279174738567e-07
-2.689771589431400045e-06
-1.288135331095618952e-06
-2.026866149841544118e-06
-2.528580298477578481e-06
-4.207582927628905622e-07
-2.729707779147716451e-06
-1.318817087925250320e-06
-2.063599808369703803e-06
-2.566705918638501061e-06
-2.764634884133698733e-06
-1.351476861727318735e-06
-2.097791285751715584e-06
-2.598862104519206184e-06
-2.794557178664724972e-06
-1.381627006025176740e-06
-2.125326199614585576e-06
-2.622212325276152001e-06
-2.828142864563787384e-06
-1.405027496403921106e-06
-2.142471728805439568e-06
-2.632979510086563835e-06
-1.417920559465546404e-06
-2.145385648827380365e-06
-1.417242959322884133e-06
1.417196157094124942e-06
5.385584993522485320e-07
5.276556573896584723e-07
5.064837099721941627e-07
-4.487087113258514393e-07
-4.787837245279202847e-07
-5.065305129781094706e-07
-5.277024602845514778e-07
3.991946246895139438e-07
-5.386053021361192350e-07
-5.365137777380013517e-07
