-2.238145007416036947e-05
-2.338210996111200757e-05
-2.334714564922180102e-05
-2.464978008198670523e-05
-2.631360947374927761e-05
-2.705301488492573014e-05
-2.717784158826064278e-05
-2.788225428851376364e-05
-2.724219825878115842e-05
-3.267737839018902690e-05
-2.730440701709246909e-05
-2.873780274761927878e-05
-3.252903290434927541e-05
-2.189938542229707963e-05
-8.095441028976857467e-06
-2.114953503518091082e-05
-3.928841463993193450e-05
-2.667281376522723235e-05
-3.066896339244673531e-05
-3.784388006922156933e-05
-1.878244029185349717e-05
-4.595701149415210018e-05
-2.531241900285974289e-05
-3.260100695549883465e-05
-4.307774657755225611e-05
-1.502576119122300824e-05
-5.189514095238489944e-05
-2.329328231623351009e-05
-3.422021652148103665e-05
-4.761289515758937441e-05
-5.656356349781344051e-05
-2.080553615443903048e-05
-3.533672734352955036e-05
-5.103682868390357896e-05
-5.975917033318456362e-05
-1.814870743149787913e-05
-3.589998634437319147e-05
-5.314002135570206065e-05
-6.181147980388601582e-05
-1.568781622901527228e-05
-3.595748908657991905e-05
-5.377068562939513185e-05
-1.378331013091038670e-05
-3.556663008394411740e-05
-1.271882863207451919e-05
1.271878190822750554e-05
-6.899803492665945726e-06
-4.036073431468167882e-06
1.433179913634674563e-07
-1.028957153664800117e-05
-5.122056485479253851e-06
-1.433648648685448279e-07
4.036026598375208607e-06
1.878239342767429321e-05
6.899756693323766399e-06
8.095394242069176016e-06
