-4.965721230432151856e-06
-4.713984054882658370e-06
-5.027972944993130966e-06
-4.738965830197727769e-06
-3.862700967721677259e-06
-5.096605197318915259e-06
-3.872888051120737529e-06
-4.795339095142736596e-06
-2.515524279878000868e-06
-5.182437492479152752e-06
-2.516292740173398101e-06
-3.913508622083172739e-06
-4.873687764306300352e-06
-8.219431887335204578e-07
1.024366385604658092e-06
-8.165323553965819769e-07
-5.280558563414139428e-06
-2.542091189772222037e-06
-3.975522004928677688e-06
-4.964848466293414475e-06
-8.321289174384460807e-07
-5.381459714653979987e-06
-2.586204284005244602e-06
-4.049502414685268725e-06
-5.058606362740025730e-06
-8.637715490644737315e-07
-5.475481699379614042e-06
-2.640749233909223115e-06
-4.125755960680127510e-06
-5.145167692344188026e-06
-5.555772243037715441e-06
-2.697493353798208204e-06
-4.195128412889936875e-06
-5.216611330016718284e-06
-5.622233058444336962e-06
-2.748539638330882440e-06
-4.249690815305573466e-06
-5.267255826724159817e-06
-5.693122608230183346e-06
-2.786807498933452365e-06
-4.282653710524497725e-06
-5.289704376409964937e-06
-2.806209699057760076e-06
-4.286991730328981731e-06
-2.801751499692528569e-06
2.801704698796037007e-06
1.031831792008830462e-06
1.018708726485684224e-06
9.892837788960662238e-07
-9.051268566040437946e-07
-9.492870881866455335e-07
-9.893305821240261366e-07
-1.018755529380577229e-06
8.320821135443523531e-07
-1.031878594570656560e-06
-1.024413188055461887e-06
