-3.385958180501802417e-12
-3.620659327907560510e-12
-4.658495811327156844e-12
-4.580447132696008339e-12
-8.161610276502528905e-12
-3.174904783520560159e-12
-8.136574747297231625e-12
-4.411027099138209451e-12
-1.364386381652593627e-11
-2.926991982121762703e-12
-1.364319768271116118e-11
-8.002543072649359601e-12
-4.176881063244763936e-12
-2.643385510481266465e-12
-7.788450440138205977e-12
-3.899547351693399833e-12
-2.344902050310793129e-12
-7.523856537794415544e-12
-3.606032139558124072e-12
-2.057465309235340101e-12
-1.308113339870686787e-11
-7.241289165516029414e-12
-3.325784092567118932e-12
-1.802114013571554096e-12
-1.280948958015670769e-11
-6.974809618753852192e-12
-3.086086941550547635e-12
-1.578959185621897632e-12
-6.757400194956630912e-12
-2.909561480635147745e-12
-1.322275622328561440e-12
-6.620010095659267790e-12
-2.826516798393186036e-12
-2.042799263080041783e-11
-2.043809566032450675e-11
-1.353150924643387043e-11
-1.333366750344566753e-11
-2.014771682823379706e-11
-1.990216325076232806e-11
-1.963712525920868757e-11
-1.255601178584697664e-11
-1.235650470832183601e-11
-1.224326195981007004e-11
-6.594169654761117272e-12
