-1.277467021054690122e-09
-1.211666655898113731e-09
-1.292343787540062294e-09
-1.216619360810966555e-09
-9.895687602679004158e-10
-1.305724861566659456e-09
-9.911544085472456800e-10
-1.227355217459091818e-09
-6.419910159038977326e-10
-1.321441733814765485e-09
-6.420318721112039384e-10
-9.996530825340244064e-10
-1.242200731166320793e-09
-2.118855091381988132e-10
2.486201244877861427e-10
-2.112382491148423469e-10
-1.339423877366741067e-09
-6.491183146550838501e-10
-1.013225670032369408e-09
-1.259781501339318766e-09
-2.176497870820526259e-10
-1.358347129221115779e-09
-6.616625858324454157e-10
-1.029999432966555162e-09
-1.278388728209733927e-09
-2.296503542886796367e-10
-1.376565750277336520e-09
-6.776712108136351276e-10
-1.047913431376223947e-09
-1.296155516250507844e-09
-1.392756021623142715e-09
-6.948898401137881820e-10
-1.064808408113293581e-09
-1.311351915944669599e-09
-1.406901706246799222e-09
-7.109630106860720389e-10
-1.078590217140629193e-09
-1.322541187676051777e-09
-1.423170692405051341e-09
-7.236107268937530534e-10
-1.087302553548497031e-09
-1.327802978678960244e-09
-7.307850991011832775e-10
-1.088940215776545983e-09
-7.308208482825762076e-10
6.840185085010830335e-10
2.492733797154755848e-10
2.428385270647481775e-10
2.308074842360952061e-10
-2.452195391189349039e-10
-2.620208217063435541e-10
-2.776098240175883802e-10
-2.896408668462413516e-10
1.708475583228619143e-10
-2.960756084746662964e-10
-2.954223532469768543e-10
