-1.996275078575138195e-08
-1.891654999308656215e-08
-2.019928724283914789e-08
-1.899529578075487279e-08
-1.538526678279694693e-08
-2.041204172353872082e-08
-1.541047855990740345e-08
-1.916599068341184875e-08
-9.858889371550105807e-09
-2.066193394156812246e-08
-9.859537020151520892e-09
-1.554559897476437413e-08
-1.940202548622593781e-08
-3.020336980519289227e-09
4.301584310972828007e-09
-3.010041771389637688e-09
-2.094784012918182725e-08
-9.972200232244432527e-09
-1.576138958236938947e-08
-1.968154778042574549e-08
-3.111969903990541297e-09
-2.124870704389714149e-08
-1.017163420158340159e-08
-1.602807378486836853e-08
-1.997738702241846909e-08
-3.302753903700050842e-09
-2.153836764495764555e-08
-1.042614616864057098e-08
-1.631288426562349514e-08
-2.025986134412960382e-08
-2.179578006966664816e-08
-1.069989348512212501e-08
-1.658149147154563963e-08
-2.050146974408306733e-08
-2.202068372092469417e-08
-1.095542756512912774e-08
-1.680060274233952100e-08
-2.067936755167920637e-08
-2.227935280707526999e-08
-1.115650288818770264e-08
-1.693911527711478016e-08
-2.076302463294155132e-08
-1.127056026284378731e-08
-1.696514870253018614e-08
-1.127112359000648212e-08
1.122432080613577909e-08
4.311976109505621935e-09
4.209679826949752623e-09
4.018411825512657742e-09
-3.550273741659282223e-09
-3.817380661574887313e-09
-4.065214498361058304e-09
-4.256482499798153185e-09
3.065167231142140736e-09
-4.358778893376324959e-09
-4.348386983821228569e-09
