8.759422481168497310e-01
7.024402691141389266e-01
8.532758616332167811e-01
6.560151393805897513e-01
7.035583386501518266e-01
1.736480006544803278e-01
5.384346286245368374e-01
1.536107240233429705e-01
4.653732322431455293e-01
-4.396438367659314950e-01
3.557040856348126501e-01
1.291309165732004161e-01
-4.212312120045427211e-01
1.706600872260436996e-01
-8.475370641162225382e-01
1.299527665208896621e-01
9.006885446752879720e-02
-3.403381790131940754e-01
-7.990862514084674517e-01
-1.446712995640103416e-01
-8.588826071291124631e-01
-1.114870999484689484e-01
4.017758388946544856e-02
-2.171234982173689265e-01
-6.505735797280864929e-01
-8.030588791070371046e-01
-4.425646778128119463e-01
-4.683349844214200752e-01
-3.394427490350253596e-01
-1.456528416952331331e-02
-6.761648556832144941e-02
-4.226985740431998817e-01
-6.564012097542982760e-01
-4.313077391348524858e-01
-6.872394260510902297e-01
1.415439169028060440e-01
-5.261718614647358239e-01
-6.755413169739499235e-02
9.005094383054500218e-02
-1.437284690334983683e-01
-4.304887018163969237e-01
-3.550910245800632525e-01
1.420263159908166095e-01
-8.510281996144423156e-01
6.873752563997957976e-01
-6.478359962297072228e-01
-1.122948952583914667e-01
2.368508521490341745e-01
1.525866132175154599e-01
-1.525866130700902767e-01
-2.368508512163003954e-01
1.122948932590283611e-01
6.478359941919770160e-01
-9.334005283022983601e-01
9.334005306462853646e-01
-6.873752571312991000e-01
-1.420263172707252886e-01
3.550910247528913377e-01
4.304887018146711930e-01
1.437284690480157834e-01
-9.005094449539299828e-02
6.755413272805810276e-02
5.261718599476808977e-01
8.510281982435711212e-01
-1.415439165736169791e-01
4.313077388773836618e-01
6.564012094778136630e-01
4.226985748020919420e-01
6.761648337450042179e-02
1.456528488212450317e-02
3.394427479420245031e-01
6.872394235907605120e-01
4.683349839805615034e-01
8.030588789169980091e-01
6.505735797754126359e-01
2.171234969596079201e-01
-4.017758456537463829e-02
1.114870987442092704e-01
4.425646774238931047e-01
8.588826062032308695e-01
7.990862524462545302e-01
3.403381776123251545e-01
-9.006885403687246716e-02
-1.299527657878690734e-01
1.446712987773579595e-01
8.475370654842233620e-01
4.212312099040848024e-01
-1.291309142669314347e-01
-3.557040847846786313e-01
-1.706600860316820067e-01
4.396438349315364702e-01
-1.536107238079676141e-01
-5.384346274496114582e-01
-4.653732294676015679e-01
-1.736480002340980155e-01
-6.560151379944705319e-01
-7.035583377942616901e-01
-7.024402687841749815e-01
-8.532758617356043240e-01
-8.759422480611764872e-01
