5.190024681724914046e-04
4.061579025529393761e-04
5.007913491010818063e-04
3.655505529007729848e-04
4.419943908123835641e-05
3.799272665043762487e-04
1.533917187526712134e-05
2.600941568120518355e-04
-3.790463382135067505e-04
1.883199260447332435e-04
-3.790526869483779038e-04
-2.834623708272698828e-05
1.052598506893764885e-04
-6.488429887403501795e-04
-6.212677833187241205e-04
-6.190508069813249747e-04
-4.284256187306323405e-05
-3.408194564017419381e-04
-7.990120622303198417e-05
-7.616485834546771194e-05
-5.168392519110387440e-04
-2.821894370207411740e-04
-2.674369834466117091e-04
-1.310203193924525111e-04
-2.599850035508166624e-04
-3.539796691275909346e-04
-5.009634869681534042e-04
-1.666628862413976897e-04
-1.743076021689052985e-04
-4.241892690991511117e-04
-6.764470994452542740e-04
-5.008756621016630106e-05
-2.046676428607424603e-04
-5.515061730914094795e-04
-7.957317698201737954e-04
6.813508613345842235e-05
-2.198027455284357057e-04
-6.305340480722287921e-04
-8.625925103462606103e-04
1.730512234620062983e-04
-2.197366507278586401e-04
-6.530631175886147943e-04
2.509288251827945793e-04
-2.054212899475771348e-04
2.909823297710945056e-04
-2.909823753739493313e-04
-5.754607076234874441e-04
-4.574197857000195100e-04
-2.821027684278831771e-04
-1.498240790021310165e-04
7.111393280220812407e-05
2.821027195717418223e-04
4.574197378740540998e-04
5.168392037766533775e-04
5.754606606799272939e-04
6.212677367050112309e-04
