8.042585930567724972e-08
7.948263736068383878e-08
7.531115953085532055e-08
7.562524040327645025e-08
6.123098356125566966e-08
8.127445516592501917e-08
6.133157967602720362e-08
7.630609966113865994e-08
3.919560576104430538e-08
8.227125114501632197e-08
3.919820162900933269e-08
6.187047932315614673e-08
7.724757711269347737e-08
8.341167712089259112e-08
6.273105669640788307e-08
7.836246382342260119e-08
8.461170850071475513e-08
6.379453585531047466e-08
7.954235778373508481e-08
8.576696330919730826e-08
4.145722938553308978e-08
6.493023036770184664e-08
8.066887330349103991e-08
8.679353291629610112e-08
4.254855776042454352e-08
6.600125049271987621e-08
8.163235543090507917e-08
8.769040460432364625e-08
6.687486725498459350e-08
8.234173909382747070e-08
8.872188761444022020e-08
6.742709687812542541e-08
8.267531359518187628e-08
1.192778198433330772e-08
1.188668674600990016e-08
3.964740574735614587e-08
4.044254173218853055e-08
1.305343200197484066e-08
1.404005625649240585e-08
1.510474212373935643e-08
4.356723182219468526e-08
4.436876827051960959e-08
4.482338583633449502e-08
6.753085132760183740e-08
