9.735290834256282722e-06
9.601476970155786717e-06
9.152954256630430052e-06
9.223318417461712215e-06
7.628626794320414461e-06
9.932529652978416834e-06
7.664191378403684141e-06
9.389235913981330839e-06
5.149614539123881229e-06
1.019679842773069112e-05
5.152989014989284300e-06
7.770334296053338363e-06
9.621825707462061672e-06
1.050031539784335166e-05
7.923151852481935542e-06
9.888897646498362448e-06
1.080744095166563667e-05
8.097048071822876558e-06
1.015686556643524696e-05
1.108600565791206805e-05
5.316884314848779880e-06
8.267485899384266479e-06
1.039644046313403791e-05
1.131476078519710882e-05
5.377256136140928788e-06
8.414120279520709289e-06
1.058665578757000958e-05
1.149171295644624280e-05
8.522317360204478831e-06
1.071497770699370022e-05
1.165826141691361784e-05
8.581792875883564875e-06
1.076656757648120077e-05
1.916034209514805298e-06
1.892921782431500333e-06
5.191382345282047339e-06
5.250789537947220253e-06
1.871959697807845657e-06
1.863869491636194198e-06
1.852703970850466675e-06
5.422738119653658373e-06
5.447447256834436757e-06
5.447518375001347835e-06
8.581805281571153188e-06
