-2.214206595851919701e-11
-2.215672090244424908e-11
-2.222211303859467080e-11
-2.221711703498385759e-11
-2.244240904225591748e-11
-2.212885430452615765e-11
-2.244082697444582664e-11
-2.220656991624991861e-11
-2.278721655812887548e-11
-2.211331118218140546e-11
-2.278716104697764422e-11
-2.243241703503429108e-11
-2.219185946117363528e-11
-2.209543659148494044e-11
-2.241896945864851887e-11
-2.217442895968702032e-11
-2.207667382236877529e-11
-2.240234386885475715e-11
-2.215597150190262710e-11
-2.205857718706738524e-11
-2.275188371037017987e-11
-2.238459764769551441e-11
-2.213834671138670274e-11
-2.204247895321032047e-11
-2.273482790915437590e-11
-2.236780205500110696e-11
-2.212319216710056935e-11
-2.202837912079758098e-11
-2.235411855622260191e-11
-2.211208993685431778e-11
-2.201216986463805370e-11
-2.234551432778175695e-11
-2.210687188863857955e-11
-2.321387526649232314e-11
-2.321443037800463571e-11
-2.278011113077127447e-11
-2.276773214404670398e-11
-2.319622272040078315e-11
-2.318081837593410910e-11
-2.316419278614034738e-11
-2.271882681981196583e-11
-2.270628129963370156e-11
-2.269923138342733182e-11
-2.234387674882043484e-11
