-5.007913944661268602e-04
-5.190025133998688034e-04
-4.061579479749388710e-04
-3.655505985424856163e-04
-4.419948515255178734e-05
-3.799273123749058456e-04
-1.533921820931483104e-05
-2.600942030012154405e-04
3.790462914581294029e-04
-1.883199724629358585e-04
3.790526399012894565e-04
2.834619013261652221e-05
-1.052598974541907317e-04
4.284251522465587492e-05
7.990115861727931090e-05
7.616481133435049067e-05
2.821893906968797605e-04
1.310202714671637736e-04
2.599849568601653171e-04
5.009634415165109544e-04
1.666628372764544785e-04
1.743075545145248567e-04
4.241892232833555099e-04
6.764470551444690116e-04
5.008751742618944292e-05
2.046675960584581899e-04
5.515061284239175521e-04
7.957317265284702401e-04
2.198026998637137019e-04
6.305340043845086839e-04
8.625924675575991074e-04
2.197366060237571084e-04
6.530630742935805699e-04
6.488429417181862391e-04
6.190507596460781414e-04
3.408194086509941378e-04
2.674369349202343482e-04
3.539796200811018423e-04
1.498240293775487952e-04
-7.111398236342436618e-05
-6.813513411996208191e-05
-1.730512703437270261e-04
-2.509288711291524088e-04
2.054212456022164179e-04
