-1.722894205924418998e-05
-1.667163802776538972e-05
-1.755156430760518305e-05
-1.693541291447608899e-05
-1.472231372517951442e-05
-1.830896127807957185e-05
-1.488418790376866419e-05
-1.758780349558897171e-05
-1.108679568762038770e-05
-1.940216400619920734e-05
-1.110186937286483655e-05
-1.524201398983571210e-05
-1.851395272822742299e-05
-5.550087150973936900e-06
1.670097965367212112e-06
-5.425415743998129869e-06
-2.067063516114631128e-05
-1.108909038011196557e-05
-1.571647347908822212e-05
-1.956952882473106392e-05
-5.121486566728172818e-06
-2.194405862929182938e-05
-1.102030908528561781e-05
-1.621968690934671997e-05
-2.060949916948828786e-05
-4.656327423246953146e-06
-2.307798112199943574e-05
-1.087948520836490296e-05
-1.667380199358615978e-05
-2.151459921695408894e-05
-2.397823192978876250e-05
-1.066920988264385972e-05
-1.702512397473709971e-05
-2.220639999839235657e-05
-2.462252474766390975e-05
-1.041214698899173285e-05
-1.724820461498910440e-05
-2.264566935228362610e-05
-2.511818201611504264e-05
-1.014559789697111469e-05
-1.733744663431902033e-05
-2.279621571832368687e-05
-9.910124364853611922e-06
-1.728719044685744777e-05
-9.737125357456299923e-06
9.737078577320978923e-06
1.868852373965168567e-06
2.258948874067634449e-06
2.799358143956709455e-06
-4.071424937857059945e-06
-3.428087971407700607e-06
-2.799404959175078034e-06
-2.258995680959330343e-06
5.121439749622425097e-06
-1.868899173973481709e-06
-1.670144762822012297e-06
