4.026489686115297673e-08
3.979256169017730826e-08
3.770346934661716887e-08
3.786072355627112529e-08
3.065206935493058893e-08
4.068976633408993848e-08
3.070242113323295996e-08
3.820160265899374963e-08
1.961676221462482772e-08
4.118880747583375523e-08
1.961805662364923819e-08
3.097224979264900924e-08
3.867296471948833414e-08
4.175976550668814014e-08
3.140316533201126248e-08
3.923116478898869275e-08
4.236059114592904962e-08
3.193570313753113510e-08
3.982193996776572931e-08
4.293902788887749011e-08
2.074945035235309376e-08
3.250442831559396950e-08
4.038601647549100448e-08
4.345305826269907357e-08
2.129605330969397414e-08
3.304078984023295362e-08
4.086848004458687456e-08
4.390216590266504681e-08
3.347831067923578985e-08
4.122371699555316127e-08
4.441869672078269105e-08
3.375488788481817437e-08
4.139076692499799037e-08
5.961199978088416174e-09
5.940635983137099174e-09
1.984302311353047799e-08
2.024124995392284632e-08
6.525083307007406574e-09
7.019299114174870624e-09
7.552622222073424041e-09
2.180628339010226568e-08
2.220776945671687486e-08
2.243550151215245592e-08
3.380686561249568456e-08
