1.277232219543122937e-06
1.262165687299088290e-06
1.196163622707580032e-06
1.201294696939747553e-06
9.733477239481924670e-07
1.291124160363033013e-06
9.750516141993070818e-07
1.212477838130610053e-06
6.242646727327993972e-07
1.307574564068936240e-06
6.243269469186074616e-07
9.838028644792995436e-07
1.227946239856780863e-06
1.326380034888385850e-06
9.976961911073445322e-07
1.246208573751905746e-06
1.346089436776720660e-06
1.014784755483388867e-06
1.265448283022108100e-06
1.364965509065285687e-06
6.598047720962618712e-07
1.032948535022865100e-06
1.283725029554982910e-06
1.381643618292294207e-06
6.768396924872188691e-07
1.049999375141164037e-06
1.299278971966799645e-06
1.396120017704838290e-06
1.063846257032263765e-06
1.310677181676211944e-06
1.412646850607046645e-06
1.072555345676962091e-06
1.316004006657323089e-06
1.916180388805699408e-07
1.908962187213703032e-07
6.314143614627454326e-07
6.439112727740781139e-07
2.087797357774867635e-07
2.239317039853805369e-07
2.402667902134947298e-07
6.926827563202841986e-07
7.050943185982205819e-07
7.120718277797699614e-07
1.074140994483663292e-06
