7.505751050544888781e-01
6.069999485011513540e-01
7.348077737356446537e-01
5.669096359680041441e-01
6.091222402918461398e-01
1.557145855939753576e-01
4.645147341337503288e-01
1.340063414589111324e-01
4.052942103265273488e-01
-3.737466873766801534e-01
3.068787244216787391e-01
1.092024511303396339e-01
-3.621825799549052149e-01
1.515520183916817532e-01
-7.292908363752540479e-01
1.120500221726613427e-01
7.430766084218265455e-02
-2.956816382817094579e-01
-6.892285976553393922e-01
-1.206280013486657338e-01
-7.437119514587258173e-01
-9.634547642627405706e-02
3.079700935440475920e-02
-1.906036009741223780e-01
-5.621561193789591515e-01
-6.938592477853237073e-01
-3.783140491777138292e-01
-4.100925227170874598e-01
-2.930342548886418763e-01
-1.640826465935354278e-02
-6.203995102027097530e-02
-3.660953347611995423e-01
-5.656126294882313221e-01
-3.739096339016413362e-01
-5.908357576990629356e-01
1.160035660226170218e-01
-4.539464835151659217e-01
-6.156211476247942099e-02
7.405935568330831997e-02
-1.255215965735649031e-01
-3.702767130071537016e-01
-3.044807272437695111e-01
1.207568521689907082e-01
-7.358872839173267177e-01
5.921314255362484236e-01
-5.589414655987898772e-01
-9.869870804379274332e-02
2.012401112745504372e-01
1.302467210923558549e-01
-1.302467210876896431e-01
-2.012401109989261361e-01
9.869870699854552121e-02
5.589414642322224624e-01
-8.130877217072521868e-01
8.130877219517789189e-01
-5.921314262125974004e-01
-1.207568531544572499e-01
3.044807270590295656e-01
3.702767131517599175e-01
1.255215963807012058e-01
-7.405935594555726476e-02
6.156211482825668657e-02
4.539464820832997960e-01
7.358872827528289973e-01
-1.160035664394587773e-01
3.739096335649175762e-01
5.656126294156331724e-01
3.660953347816717773e-01
6.203995004848346373e-02
1.640826461260223856e-02
2.930342540937053153e-01
5.908357560215534710e-01
4.100925223557276289e-01
6.938592476429646938e-01
5.621561193163939762e-01
1.906036002664859841e-01
-3.079700971383735400e-02
9.634547590338377043e-02
3.783140482583855491e-01
7.437119512280765399e-01
6.892285977823980891e-01
2.956816377315013566e-01
-7.430766056268195419e-02
-1.120500218222065247e-01
1.206280009053076752e-01
7.292908365581675101e-01
3.621825791620437163e-01
-1.092024502827895482e-01
-3.068787233678574866e-01
-1.515520176132208741e-01
3.737466864778853926e-01
-1.340063412142434296e-01
-4.645147329465906250e-01
-4.052942087380432268e-01
-1.557145854431613574e-01
-5.669096351478917217e-01
-6.091222391697714844e-01
-6.069999480481893528e-01
-7.348077732464827205e-01
-7.505751047807360798e-01
