-2.402389398525883735e-11
-2.399125342833485774e-11
-2.403133247952382590e-11
-2.399380694129149560e-11
-2.388098052641396407e-11
-2.403799381767157683e-11
-2.388170217137997042e-11
-2.399913601180969636e-11
-2.370836860166036786e-11
-2.404576537884395293e-11
-2.370836860166036786e-11
-2.388594877444916165e-11
-2.400640797262099113e-11
-2.349465066942002522e-11
-2.326583370404478046e-11
-2.349431760251263768e-11
-2.405470267419218544e-11
-2.371186580418793710e-11
-2.389269337932375947e-11
-2.401515097893991424e-11
-2.349753724928405063e-11
-2.406411181432588364e-11
-2.371805529755022235e-11
-2.390101311311454424e-11
-2.402442134119553430e-11
-2.350342143131456396e-11
-2.407329890985465681e-11
-2.372599339217629222e-11
-2.390992265288716112e-11
-2.403327536981691992e-11
-2.408129251563195794e-11
-2.373452823167809811e-11
-2.391833953119260059e-11
-2.404076937523313973e-11
-2.408828692068709643e-11
-2.374256347081882268e-11
-2.392519515836966093e-11
-2.404632049035626551e-11
-2.409628052646439755e-11
-2.374878071975672356e-11
-2.392944176143885215e-11
-2.404898502561536588e-11
-2.375222241113306154e-11
-2.393024667313170539e-11
-2.375222241113306154e-11
-2.304956225884779997e-11
-2.326550063713739291e-11
-2.326872028390880587e-11
-2.327471548824178171e-11
-2.351116523691132443e-11
-2.351949190959601310e-11
-2.352718020404154231e-11
-2.353317540837451816e-11
-2.330435844299927339e-11
-2.353628403284346859e-11
-2.353595096593608105e-11
