-2.527596354440220239e-09
-2.396202680721160050e-09
-2.557303258043930327e-09
-2.406092436402218482e-09
-1.952704331564802942e-09
-2.584023106599886432e-09
-1.955870604364307042e-09
-2.427530065851613017e-09
-1.258640192070004105e-09
-2.615407113104595282e-09
-1.258721737951162822e-09
-1.972840890651639256e-09
-2.457173908787524397e-09
-3.997799868926676936e-10
5.197852148697279517e-10
-3.984873542250966238e-10
-2.651314334745080714e-09
-1.272872085511522755e-09
-1.999942919606034764e-09
-2.492279688182108544e-09
-4.112900020558640790e-10
-2.689100886410500379e-09
-1.297920687592934996e-09
-2.033437127013648649e-09
-2.529435078058028807e-09
-4.352528337747685327e-10
-2.725480285903358890e-09
-1.329887075462998780e-09
-2.069208195412675089e-09
-2.564912282565501300e-09
-2.757809758335838524e-09
-1.364269586190403061e-09
-2.102944471338297205e-09
-2.595257009296858541e-09
-2.786056163550654219e-09
-1.396364746053535555e-09
-2.130464388239161622e-09
-2.617600136645137354e-09
-2.818542732541118312e-09
-1.421620043906557385e-09
-2.147861444257159746e-09
-2.628107065305584911e-09
-1.435946028749413017e-09
-2.151131467398315067e-09
-1.436017305067593952e-09
1.389214965286100778e-09
5.210898379459649732e-10
5.082407827927681865e-10
4.842168888075093491e-10
-4.663417429995320163e-10
-4.998908509357136154e-10
-5.310193396113049857e-10
-5.550432335965638231e-10
3.644876622743709049e-10
-5.678921777274581473e-10
-5.665875546512211258e-10
