8.739975696832047447e-03
7.074937500815670077e-03
8.474370093444427710e-03
6.477538852689201931e-03
6.704857592239710229e-03
1.710827944214898810e-03
4.923469622070575369e-03
1.277454518780141157e-03
3.924011491950207819e-03
-4.658144124738861080e-03
2.664600974126740685e-03
6.020836891019176740e-04
-4.679029994284711336e-03
6.153329044777111623e-04
-8.947122516853922569e-03
6.204835324494228921e-05
-1.874471300088026426e-04
-4.180105014913004791e-03
-8.537104748884472016e-03
-2.750542142245931965e-03
-9.066794112298159902e-03
-2.517546232646217241e-03
-9.409594158886341875e-04
-3.183162601070627096e-03
-7.107100689794587645e-03
-8.417717298184190788e-03
-5.767000009175293762e-03
-4.885302652474665663e-03
-4.764384415901878889e-03
-1.534286012763305326e-03
-1.775705357494217207e-03
-4.814149716074300756e-03
-6.731567930854387427e-03
-4.304616833692043176e-03
-8.139662030460348419e-03
1.722578915292899415e-03
-6.461398515177574353e-03
-1.898214486572472048e-03
-1.097943254018129977e-04
-1.924734456901139312e-03
-4.225909177825004637e-03
-3.155125041503337169e-03
1.950842370008892823e-03
-9.727031360102778024e-03
7.770399076077239009e-03
-7.488966494243798344e-03
-2.024826215897126969e-03
1.610455850199199457e-03
1.216165157566784227e-03
-1.216165318763423597e-03
-1.610456045169905703e-03
2.024825968773458218e-03
7.488966200238977855e-03
-1.061497609142936227e-02
1.061497577524694869e-02
-7.770399380001680179e-03
-1.950842638968108833e-03
3.155124824877897360e-03
4.225909007286365870e-03
1.924734305199210516e-03
1.097941566666205127e-04
1.898214272677653525e-03
6.461398248605476624e-03
9.727031057155777205e-03
-1.722579191548306854e-03
4.304616603048649903e-03
6.731567752541911531e-03
4.814149572867687521e-03
1.775705216108897089e-03
1.534285839019267073e-03
4.764384190398651686e-03
8.139661757589844449e-03
4.885302417523940122e-03
8.417717115028922059e-03
7.107100553341960669e-03
3.183162484830998062e-03
9.409592840692454496e-04
2.517546056508584984e-03
5.766999780374093554e-03
9.066793928146021919e-03
8.537104617066915146e-03
4.180104918868055019e-03
1.874470368032343792e-04
-6.204847794144541240e-05
2.750541966112407533e-03
8.947122387345962657e-03
4.679029911522580854e-03
-6.020837513786014839e-04
-2.664601051540260723e-03
-6.153330258908407124e-04
4.658144047184564762e-03
-1.277454561038449121e-03
-4.923469661813895115e-03
-3.924011563212204123e-03
-1.710827979205575833e-03
-6.477538868485122059e-03
-6.704857623783255782e-03
-7.074937508675160913e-03
-8.474370100357675462e-03
-8.739975697896085194e-03
