Process [0]
-0.892979
-1.09902
-0.109589
0.758746
1.2352
-0.0969417
-0.0251285
-0.0626539
-0.0502622
-0.110782
-0.83627
-1.01863
-0.110274
0.703557
1.16266
-0.103764
-0.0192232
-0.0466077
-0.0411676
-0.117557
-0.83627
-1.01863
-0.110274
0.703557
1.16266
-0.103764
-0.0192232
-0.0466077
-0.0411676
-0.117557
Process [1]
1.09902
0.0969417
0.892979
0.0251285
0.109589
0.0626539
-0.758746
0.0502622
-1.2352
0.110782
-1.17875
-0.816426
-7.67121e-10
0.816426
1.17875
1.01863
0.103764
0.83627
0.0192232
0.110274
0.0466077
-0.703557
0.0411676
-1.16266
0.117557
-1.10247
-0.76405
-7.40882e-10
0.76405
1.10247
1.01863
0.103764
0.83627
0.0192232
0.110274
0.0466077
-0.703557
0.0411676
-1.16266
0.117557
-1.10247
-0.76405
-7.40882e-10
0.76405
1.10247
Process [2]
-0.783142
-0.946987
-0.109079
0.653654
1.09287
-0.107537
-0.0147351
-0.0332158
-0.0335556
-0.121136
-0.783142
-0.946987
-0.109079
0.653654
1.09287
-0.107537
-0.0147351
-0.0332158
-0.0335556
-0.121136
Process [3]
0.946987
0.107537
0.783142
0.0147351
0.109079
0.0332158
-0.653654
0.0335556
-1.09287
0.121136
-1.03138
-0.715601
-7.09702e-10
0.715601
1.03138
0.946987
0.107537
0.783142
0.0147351
0.109079
0.0332158
-0.653654
0.0335556
-1.09287
0.121136
-1.03138
-0.715601
-7.09702e-10
0.715601
1.03138
Process [4]
-0.733453
-0.882506
-0.106466
0.608319
1.02612
-0.10907
-0.0112765
-0.0220555
-0.0271709
-0.122308
-0.733453
-0.882506
-0.106466
0.608319
1.02612
-0.10907
-0.0112765
-0.0220555
-0.0271709
-0.122308
Process [5]
0.882506
0.10907
0.733453
0.0112765
0.106466
0.0220555
-0.608319
0.0271709
-1.02612
0.122308
-0.965087
-0.670632
-6.76609e-10
0.670632
0.965087
0.882506
0.10907
0.733453
0.0112765
0.106466
0.0220555
-0.608319
0.0271709
-1.02612
0.122308
-0.965087
-0.670632
-6.76609e-10
0.670632
0.965087
Process [6]
-0.687021
-0.823986
-0.102808
0.566961
0.962589
-0.108962
-0.00857172
-0.0127694
-0.0218053
-0.121685
-0.687021
-0.823986
-0.102808
0.566961
0.962589
-0.108962
-0.00857172
-0.0127694
-0.0218053
-0.121685
Process [7]
0.823986
0.108962
0.687021
0.00857172
0.102808
0.0127694
-0.566961
0.0218053
-0.962589
0.121685
-0.903254
-0.628781
-6.43514e-10
0.628781
0.903254
0.823986
0.108962
0.687021
0.00857172
0.102808
0.0127694
-0.566961
0.0218053
-0.962589
0.121685
-0.903254
-0.628781
-6.43514e-10
0.628781
0.903254