Process [0]
-0.892979
-1.09902
-0.109589
0.758746
1.2352
-0.0969417
-0.0251285
-0.0626539
-0.0502622
-0.110782
-0.83627
-1.01863
-0.110274
0.703557
1.16266
-0.103764
-0.0192232
-0.0466077
-0.0411676
-0.117557
-0.783142
-0.946987
-0.109079
0.653654
1.09287
-0.107537
-0.0147351
-0.0332158
-0.0335556
-0.121136
Process [1]
1.09902
0.0969417
0.892979
0.0251285
0.109589
0.0626539
-0.758746
0.0502622
-1.2352
0.110782
-1.17875
-0.816426
-7.67121e-10
0.816426
1.17875
1.01863
0.103764
0.83627
0.0192232
0.110274
0.0466077
-0.703557
0.0411676
-1.16266
0.117557
-1.10247
-0.76405
-7.40882e-10
0.76405
1.10247
0.946987
0.107537
0.783142
0.0147351
0.109079
0.0332158
-0.653654
0.0335556
-1.09287
0.121136
-1.03138
-0.715601
-7.09702e-10
0.715601
1.03138
Process [2]
-0.733453
-0.882506
-0.106466
0.608319
1.02612
-0.10907
-0.0112765
-0.0220555
-0.0271709
-0.122308
-0.687021
-0.823986
-0.102808
0.566961
0.962589
-0.108962
-0.00857172
-0.0127694
-0.0218053
-0.121685
Process [3]
0.882506
0.10907
0.733453
0.0112765
0.106466
0.0220555
-0.608319
0.0271709
-1.02612
0.122308
-0.965087
-0.670632
-6.76609e-10
0.670632
0.965087
0.823986
0.108962
0.687021
0.00857172
0.102808
0.0127694
-0.566961
0.0218053
-0.962589
0.121685
-0.903254
-0.628781
-6.43514e-10
0.628781
0.903254
Process [4]
-0.643647
-0.770511
-0.0984056
0.529089
0.902336
-0.107661
-0.00642447
-0.00505704
-0.017288
-0.119738
-0.603127
-0.721374
-0.0934965
0.494293
0.845367
-0.105503
-0.00469412
0.0013338
-0.0134787
-0.116835
Process [5]
0.770511
0.107661
0.643647
0.00642447
0.0984056
0.00505704
-0.529089
0.017288
-0.902336
0.119738
-0.845556
-0.589749
-6.11564e-10
0.589749
0.845556
0.721374
0.105503
0.603127
0.00469412
0.0934965
-0.0013338
-0.494293
0.0134787
-0.845367
0.116835
-0.791694
-0.553286
-5.81394e-10
0.553286
0.791694
Process [6]
-0.565263
-0.676021
-0.0882702
0.462231
0.791634
-0.102738
-0.00327947
0.00661442
-0.0102617
-0.113256
-0.529868
-0.634005
-0.0828752
0.432611
0.741051
-0.0995566
-0.00210721
0.0109617
-0.00754161
-0.109219
Process [7]
0.676021
0.102738
0.565263
0.00327947
0.0882702
-0.00661442
-0.462231
0.0102617
-0.791634
0.113256
-0.741393
-0.519179
-5.53302e-10
0.519179
0.741393
0.634005
0.0995566
0.529868
0.00210721
0.0828752
-0.0109617
-0.432611
0.00754162
-0.741051
0.109219
-0.694399
-0.487245
-5.2737e-10
0.487245
0.694399