row 0:   (0, -5.55556)    (1, -2.77778)    (2, -2.77778)    (3, -1.97259e-15)    (4, 1.89893e-15)    (18, 0.694444)   
row 1:   (0, -2.77778)    (1, -5.55556)    (2, -2.77778)    (3, 0.694444)    (4, -1.9289e-15)    (18, 2.38932e-15)   
row 2:   (0, -2.77778)    (1, -2.77778)    (2, -11.1111)    (3, 1.83349e-15)    (4, 0.694444)    (5, -2.77778)    (18, 8.07399e-16)    (19, -2.77778)    (20, 0.694444)   
row 3:   (0, -2.0466e-15)    (1, 0.694444)    (2, 1.79878e-15)    (3, -3.125)    (4, 0.173611)    (5, 7.69075e-15)    (6, -2.0466e-15)    (7, 0.694444)    (8, 0.173611)    (18, 0.347222)    (19, 0.694444)    (20, 0.347222)   
row 4:   (0, 1.88327e-15)    (1, -1.95432e-15)    (2, 0.694444)    (3, 0.173611)    (4, -1.04167)    (18, 0.173611)   
row 5:   (2, -2.77778)    (3, 7.61217e-15)    (5, -11.1111)    (6, -2.77778)    (7, -2.77778)    (8, 0.694444)    (18, 0.694444)    (19, -2.77778)    (20, -2.18306e-15)   
row 6:   (3, -1.97259e-15)    (5, -2.77778)    (6, -5.55556)    (7, -2.77778)    (8, 1.89893e-15)    (20, 0.694444)   
row 7:   (3, 0.694444)    (5, -2.77778)    (6, -2.77778)    (7, -11.1111)    (8, -3.9015e-15)    (9, -2.77778)    (20, 4.28824e-15)    (24, -2.77778)    (25, 0.694444)   
row 8:   (3, 0.173611)    (5, 0.694444)    (6, 1.88327e-15)    (7, -4.00091e-15)    (8, -3.125)    (9, 7.69075e-15)    (10, -2.0466e-15)    (11, 0.694444)    (12, 0.173611)    (20, 0.347222)    (24, 0.694444)    (25, 0.347222)   
row 9:   (7, -2.77778)    (8, 7.61217e-15)    (9, -11.1111)    (10, -2.77778)    (11, -2.77778)    (12, 0.694444)    (20, 0.694444)    (24, -2.77778)    (25, -2.18306e-15)   
row 10:   (8, -1.97259e-15)    (9, -2.77778)    (10, -5.55556)    (11, -2.77778)    (12, 1.89893e-15)    (25, 0.694444)   
row 11:   (8, 0.694444)    (9, -2.77778)    (10, -2.77778)    (11, -11.1111)    (12, -3.9015e-15)    (13, -2.77778)    (25, 4.28824e-15)    (28, -2.77778)    (29, 0.694444)   
row 12:   (8, 0.173611)    (9, 0.694444)    (10, 1.88327e-15)    (11, -4.00091e-15)    (12, -3.125)    (13, 7.69075e-15)    (14, -2.0466e-15)    (15, 0.694444)    (16, 0.173611)    (25, 0.347222)    (28, 0.694444)    (29, 0.347222)   
row 13:   (11, -2.77778)    (12, 7.61217e-15)    (13, -11.1111)    (14, -2.77778)    (15, -2.77778)    (16, 0.694444)    (25, 0.694444)    (28, -2.77778)    (29, -2.18306e-15)   
row 14:   (12, -1.97259e-15)    (13, -2.77778)    (14, -5.55556)    (15, -2.77778)    (16, 1.89893e-15)    (29, 0.694444)   
row 15:   (12, 0.694444)    (13, -2.77778)    (14, -2.77778)    (15, -11.1111)    (16, -3.9015e-15)    (17, -2.77778)    (29, 4.28824e-15)    (32, -2.77778)    (33, 0.694444)   
row 16:   (12, 0.173611)    (13, 0.694444)    (14, 1.88327e-15)    (15, -4.00091e-15)    (16, -2.08333)    (17, 3.84538e-15)    (29, 0.347222)    (32, 0.694444)    (33, 0.173611)   
row 17:   (15, -2.77778)    (16, 3.80609e-15)    (17, -5.55556)    (29, 0.694444)    (32, -2.77778)    (33, -1.09153e-15)   
row 18:   (0, 0.694444)    (1, 2.41802e-15)    (2, 7.85046e-16)    (3, 0.347222)    (4, 0.173611)    (5, 0.694444)    (18, -3.125)    (19, -4.00091e-15)    (20, 0.347222)    (21, 3.84538e-15)    (22, 0.694444)    (80, 0.173611)   
row 19:   (2, -2.77778)    (3, 0.694444)    (5, -2.77778)    (18, -3.9015e-15)    (19, -11.1111)    (20, 4.28824e-15)    (21, -2.77778)    (22, -2.77778)    (80, 0.694444)   
row 20:   (2, 0.694444)    (3, 0.347222)    (5, -2.19645e-15)    (6, 0.694444)    (7, 4.30129e-15)    (8, 0.347222)    (9, 0.694444)    (18, 0.347222)    (19, 4.30129e-15)    (20, -6.25)    (21, 0.694444)    (22, 1.89106e-15)    (23, 1.79878e-15)    (24, -4.00091e-15)    (25, 0.347222)    (26, 0.694444)    (78, 0.347222)    (79, 0.694444)    (80, 0.347222)   
row 21:   (18, 3.80609e-15)    (19, -2.77778)    (20, 0.694444)    (21, -5.55556)    (22, -2.77778)    (80, -1.09153e-15)   
row 22:   (18, 0.694444)    (19, -2.77778)    (20, 1.87718e-15)    (21, -2.77778)    (22, -11.1111)    (23, -2.77778)    (78, 0.694444)    (79, -2.77778)    (80, 1.29779e-15)   
row 23:   (20, 1.83349e-15)    (22, -2.77778)    (23, -11.1111)    (24, -2.77778)    (25, 0.694444)    (26, -2.77778)    (78, 8.07399e-16)    (79, -2.77778)    (80, 0.694444)   
row 24:   (7, -2.77778)    (8, 0.694444)    (9, -2.77778)    (20, -3.9015e-15)    (23, -2.77778)    (24, -11.1111)    (25, 4.28824e-15)    (26, -2.77778)    (78, 0.694444)   
row 25:   (7, 0.694444)    (8, 0.347222)    (9, -2.19645e-15)    (10, 0.694444)    (11, 4.30129e-15)    (12, 0.347222)    (13, 0.694444)    (20, 0.347222)    (23, 0.694444)    (24, 4.30129e-15)    (25, -6.25)    (26, 1.89106e-15)    (27, 1.79878e-15)    (28, -4.00091e-15)    (29, 0.347222)    (30, 0.694444)    (76, 0.347222)    (77, 0.694444)    (78, 0.347222)   
row 26:   (20, 0.694444)    (23, -2.77778)    (24, -2.77778)    (25, 1.87718e-15)    (26, -11.1111)    (27, -2.77778)    (76, 0.694444)    (77, -2.77778)    (78, 1.29779e-15)   
row 27:   (25, 1.83349e-15)    (26, -2.77778)    (27, -11.1111)    (28, -2.77778)    (29, 0.694444)    (30, -2.77778)    (76, 8.07399e-16)    (77, -2.77778)    (78, 0.694444)   
row 28:   (11, -2.77778)    (12, 0.694444)    (13, -2.77778)    (25, -3.9015e-15)    (27, -2.77778)    (28, -11.1111)    (29, 4.28824e-15)    (30, -2.77778)    (76, 0.694444)   
row 29:   (11, 0.694444)    (12, 0.347222)    (13, -2.19645e-15)    (14, 0.694444)    (15, 4.30129e-15)    (16, 0.347222)    (17, 0.694444)    (25, 0.347222)    (27, 0.694444)    (28, 4.30129e-15)    (29, -6.25)    (30, 1.89106e-15)    (31, 1.79878e-15)    (32, -4.00091e-15)    (33, 0.347222)    (34, 0.694444)    (74, 0.347222)    (75, 0.694444)    (76, 0.347222)   
row 30:   (25, 0.694444)    (27, -2.77778)    (28, -2.77778)    (29, 1.87718e-15)    (30, -11.1111)    (31, -2.77778)    (74, 0.694444)    (75, -2.77778)    (76, 1.29779e-15)   
row 31:   (29, 1.83349e-15)    (30, -2.77778)    (31, -11.1111)    (32, -2.77778)    (33, 0.694444)    (34, -2.77778)    (74, 8.07399e-16)    (75, -2.77778)    (76, 0.694444)   
row 32:   (15, -2.77778)    (16, 0.694444)    (17, -2.77778)    (29, -3.9015e-15)    (31, -2.77778)    (32, -11.1111)    (33, 4.28824e-15)    (34, -2.77778)    (74, 0.694444)   
row 33:   (15, 0.694444)    (16, 0.173611)    (17, -1.09822e-15)    (29, 0.347222)    (31, 0.694444)    (32, 4.30129e-15)    (33, -3.125)    (34, 1.89106e-15)    (35, -2.0466e-15)    (72, 0.173611)    (73, 0.694444)    (74, 0.347222)   
row 34:   (29, 0.694444)    (31, -2.77778)    (32, -2.77778)    (33, 1.87718e-15)    (34, -11.1111)    (35, -2.77778)    (72, 0.694444)    (73, -2.77778)    (74, 1.29779e-15)   
row 35:   (33, -1.97259e-15)    (34, -2.77778)    (35, -5.55556)    (72, 1.89893e-15)    (73, -2.77778)    (74, 0.694444)   
row 36:  
row 37:  
row 38:  
row 39:  
row 40:  
row 41:  
row 42:  
row 43:  
row 44:  
row 45:  
row 46:  
row 47:  
row 48:  
row 49:  
row 50:  
row 51:  
row 52:  
row 53:  
row 54:  
row 55:  
row 56:  
row 57:  
row 58:  
row 59:  
row 60:  
row 61:  
row 62:  
row 63:  
row 64:  
row 65:  
row 66:  
row 67:  
row 68:  
row 69:  
row 70:  
row 71:  
row 72:  
row 73:  
row 74:  
row 75:  
row 76:  
row 77:  
row 78:  
row 79:  
row 80:  
row 81:  
row 82:  
row 83:  
row 84:  
row 85:  
row 86:  
row 87:  
row 88:  
row 89:  
row 90:  
row 91:  
row 92:  
row 93:  
row 94:  
row 95:  
row 96:  
row 97:  
row 98:  
row 99:  
row 100:  
row 101:  
row 102:  
row 103:  
row 104:  
row 105:  
row 106:  
row 107:  
row 108:   (36, -5.55556)    (37, -2.77778)    (38, -2.77778)    (39, -1.97259e-15)    (40, 1.89893e-15)    (41, 0.694444)   
row 109:   (36, -2.77778)    (37, -11.1111)    (38, -2.77778)    (39, 0.694444)    (40, -3.9015e-15)    (41, 4.28824e-15)    (42, -2.77778)    (43, -2.77778)    (44, 0.694444)   
row 110:   (36, -2.77778)    (37, -2.77778)    (38, -5.55556)    (39, 3.80609e-15)    (40, 0.694444)    (41, -1.09153e-15)   
row 111:   (36, -2.0466e-15)    (37, 0.694444)    (38, 3.84538e-15)    (39, -1.04167)    (40, 0.173611)    (41, 0.173611)   
row 112:   (36, 1.88327e-15)    (37, -4.00091e-15)    (38, 0.694444)    (39, 0.173611)    (40, -3.125)    (41, 0.347222)    (42, 1.79878e-15)    (43, 0.694444)    (44, 0.347222)    (48, 3.84538e-15)    (49, 0.694444)    (72, 0.173611)   
row 113:   (36, 0.694444)    (37, 4.30129e-15)    (38, -1.09822e-15)    (39, 0.173611)    (40, 0.347222)    (41, -3.125)    (42, 0.694444)    (43, -4.00091e-15)    (44, 0.347222)    (45, 0.694444)    (46, 3.84538e-15)    (47, 0.173611)   
row 114:   (37, -2.77778)    (40, 1.83349e-15)    (41, 0.694444)    (42, -11.1111)    (43, -2.77778)    (44, 8.07399e-16)    (48, -2.77778)    (49, -2.77778)    (72, 0.694444)   
row 115:   (37, -2.77778)    (40, 0.694444)    (41, -3.9015e-15)    (42, -2.77778)    (43, -11.1111)    (44, 4.28824e-15)    (45, -2.77778)    (46, -2.77778)    (47, 0.694444)   
row 116:   (37, 0.694444)    (40, 0.347222)    (41, 0.347222)    (42, 7.85046e-16)    (43, 4.30129e-15)    (44, -6.25)    (45, -4.00091e-15)    (46, 0.694444)    (47, 0.347222)    (48, 0.694444)    (49, -4.00091e-15)    (50, 1.79878e-15)    (51, 0.694444)    (52, 0.347222)    (53, 7.69075e-15)    (57, 0.694444)    (72, 0.347222)    (73, 0.694444)    (74, 0.347222)   
row 117:   (41, 0.694444)    (43, -2.77778)    (44, -3.9015e-15)    (45, -11.1111)    (46, -2.77778)    (47, 4.28824e-15)    (50, -2.77778)    (51, -2.77778)    (52, 0.694444)   
row 118:   (41, 3.80609e-15)    (43, -2.77778)    (44, 0.694444)    (45, -2.77778)    (46, -5.55556)    (47, -1.09153e-15)   
row 119:   (41, 0.173611)    (43, 0.694444)    (44, 0.347222)    (45, 4.30129e-15)    (46, -1.09822e-15)    (47, -3.125)    (50, 0.694444)    (51, -4.00091e-15)    (52, 0.347222)    (54, 0.694444)    (55, 3.84538e-15)    (56, 0.173611)   
row 120:   (40, 3.80609e-15)    (42, -2.77778)    (44, 0.694444)    (48, -5.55556)    (49, -2.77778)    (72, -1.09153e-15)   
row 121:   (40, 0.694444)    (42, -2.77778)    (44, -3.9015e-15)    (48, -2.77778)    (49, -11.1111)    (53, -2.77778)    (72, 4.28824e-15)    (73, -2.77778)    (74, 0.694444)   
row 122:   (44, 1.83349e-15)    (45, -2.77778)    (47, 0.694444)    (50, -11.1111)    (51, -2.77778)    (52, 8.07399e-16)    (53, -2.77778)    (57, -2.77778)    (74, 0.694444)   
row 123:   (44, 0.694444)    (45, -2.77778)    (47, -3.9015e-15)    (50, -2.77778)    (51, -11.1111)    (52, 4.28824e-15)    (54, -2.77778)    (55, -2.77778)    (56, 0.694444)   
row 124:   (44, 0.347222)    (45, 0.694444)    (47, 0.347222)    (50, 7.85046e-16)    (51, 4.30129e-15)    (52, -6.25)    (53, 0.694444)    (54, -4.00091e-15)    (55, 0.694444)    (56, 0.347222)    (57, -4.00091e-15)    (58, 1.79878e-15)    (59, 0.694444)    (60, 0.347222)    (61, 7.69075e-15)    (65, 0.694444)    (74, 0.347222)    (75, 0.694444)    (76, 0.347222)   
row 125:   (44, 7.61217e-15)    (49, -2.77778)    (50, -2.77778)    (52, 0.694444)    (53, -11.1111)    (57, -2.77778)    (72, 0.694444)    (73, -2.77778)    (74, -2.18306e-15)   
row 126:   (47, 0.694444)    (51, -2.77778)    (52, -3.9015e-15)    (54, -11.1111)    (55, -2.77778)    (56, 4.28824e-15)    (58, -2.77778)    (59, -2.77778)    (60, 0.694444)   
row 127:   (47, 3.80609e-15)    (51, -2.77778)    (52, 0.694444)    (54, -2.77778)    (55, -5.55556)    (56, -1.09153e-15)   
row 128:   (47, 0.173611)    (51, 0.694444)    (52, 0.347222)    (54, 4.30129e-15)    (55, -1.09822e-15)    (56, -3.125)    (58, 0.694444)    (59, -4.00091e-15)    (60, 0.347222)    (62, 0.694444)    (63, 3.84538e-15)    (64, 0.173611)   
row 129:   (44, 0.694444)    (50, -2.77778)    (52, -3.9015e-15)    (53, -2.77778)    (57, -11.1111)    (61, -2.77778)    (74, 4.28824e-15)    (75, -2.77778)    (76, 0.694444)   
row 130:   (52, 1.83349e-15)    (54, -2.77778)    (56, 0.694444)    (58, -11.1111)    (59, -2.77778)    (60, 8.07399e-16)    (61, -2.77778)    (65, -2.77778)    (76, 0.694444)   
row 131:   (52, 0.694444)    (54, -2.77778)    (56, -3.9015e-15)    (58, -2.77778)    (59, -11.1111)    (60, 4.28824e-15)    (62, -2.77778)    (63, -2.77778)    (64, 0.694444)   
row 132:   (52, 0.347222)    (54, 0.694444)    (56, 0.347222)    (58, 7.85046e-16)    (59, 4.30129e-15)    (60, -6.25)    (61, 0.694444)    (62, -4.00091e-15)    (63, 0.694444)    (64, 0.347222)    (65, -4.00091e-15)    (66, 1.79878e-15)    (67, 0.694444)    (68, 0.347222)    (69, 7.69075e-15)    (70, 0.694444)    (76, 0.347222)    (77, 0.694444)    (78, 0.347222)   
row 133:   (52, 7.61217e-15)    (57, -2.77778)    (58, -2.77778)    (60, 0.694444)    (61, -11.1111)    (65, -2.77778)    (74, 0.694444)    (75, -2.77778)    (76, -2.18306e-15)   
row 134:   (56, 0.694444)    (59, -2.77778)    (60, -3.9015e-15)    (62, -11.1111)    (63, -2.77778)    (64, 4.28824e-15)    (66, -2.77778)    (67, -2.77778)    (68, 0.694444)   
row 135:   (56, 3.80609e-15)    (59, -2.77778)    (60, 0.694444)    (62, -2.77778)    (63, -5.55556)    (64, -1.09153e-15)   
row 136:   (56, 0.173611)    (59, 0.694444)    (60, 0.347222)    (62, 4.30129e-15)    (63, -1.09822e-15)    (64, -2.08333)    (66, 0.694444)    (67, -1.95432e-15)    (68, 0.173611)   
row 137:   (52, 0.694444)    (58, -2.77778)    (60, -3.9015e-15)    (61, -2.77778)    (65, -11.1111)    (69, -2.77778)    (76, 4.28824e-15)    (77, -2.77778)    (78, 0.694444)   
row 138:   (60, 1.83349e-15)    (62, -2.77778)    (64, 0.694444)    (66, -11.1111)    (67, -2.77778)    (68, 8.07399e-16)    (69, -2.77778)    (70, -2.77778)    (78, 0.694444)   
row 139:   (60, 0.694444)    (62, -2.77778)    (64, -1.9289e-15)    (66, -2.77778)    (67, -5.55556)    (68, 2.38932e-15)   
row 140:   (60, 0.347222)    (62, 0.694444)    (64, 0.173611)    (66, 7.85046e-16)    (67, 2.41802e-15)    (68, -3.125)    (69, 0.694444)    (70, -4.00091e-15)    (71, 3.84538e-15)    (78, 0.347222)    (79, 0.694444)    (80, 0.173611)   
row 141:   (60, 7.61217e-15)    (65, -2.77778)    (66, -2.77778)    (68, 0.694444)    (69, -11.1111)    (70, -2.77778)    (76, 0.694444)    (77, -2.77778)    (78, -2.18306e-15)   
row 142:   (60, 0.694444)    (66, -2.77778)    (68, -3.9015e-15)    (69, -2.77778)    (70, -11.1111)    (71, -2.77778)    (78, 4.28824e-15)    (79, -2.77778)    (80, 0.694444)   
row 143:   (68, 3.80609e-15)    (70, -2.77778)    (71, -5.55556)    (78, 0.694444)    (79, -2.77778)    (80, -1.09153e-15)   
row 144:   (33, 0.173611)    (34, 0.694444)    (35, 1.88327e-15)    (40, 0.173611)    (42, 0.694444)    (44, 0.347222)    (48, -1.09822e-15)    (49, 4.30129e-15)    (53, 0.694444)    (72, -3.125)    (73, -3.90864e-15)    (74, 0.347222)   
row 145:   (33, 0.694444)    (34, -2.77778)    (35, -2.77778)    (44, 0.694444)    (49, -2.77778)    (53, -2.77778)    (72, -3.85781e-15)    (73, -11.1111)    (74, 4.77863e-15)   
row 146:   (29, 0.347222)    (30, 0.694444)    (31, 7.85046e-16)    (32, 0.694444)    (33, 0.347222)    (34, 1.3198e-15)    (35, 0.694444)    (44, 0.347222)    (49, 0.694444)    (50, 0.694444)    (52, 0.347222)    (53, -2.19645e-15)    (57, 4.30129e-15)    (61, 0.694444)    (72, 0.347222)    (73, 4.83604e-15)    (74, -6.25)    (75, -3.90864e-15)    (76, 0.347222)   
row 147:   (29, 0.694444)    (30, -2.77778)    (31, -2.77778)    (52, 0.694444)    (57, -2.77778)    (61, -2.77778)    (74, -3.85781e-15)    (75, -11.1111)    (76, 4.77863e-15)   
row 148:   (25, 0.347222)    (26, 0.694444)    (27, 7.85046e-16)    (28, 0.694444)    (29, 0.347222)    (30, 1.3198e-15)    (31, 0.694444)    (52, 0.347222)    (57, 0.694444)    (58, 0.694444)    (60, 0.347222)    (61, -2.19645e-15)    (65, 4.30129e-15)    (69, 0.694444)    (74, 0.347222)    (75, 4.83604e-15)    (76, -6.25)    (77, -3.90864e-15)    (78, 0.347222)   
row 149:   (25, 0.694444)    (26, -2.77778)    (27, -2.77778)    (60, 0.694444)    (65, -2.77778)    (69, -2.77778)    (76, -3.85781e-15)    (77, -11.1111)    (78, 4.77863e-15)   
row 150:   (20, 0.347222)    (22, 0.694444)    (23, 7.85046e-16)    (24, 0.694444)    (25, 0.347222)    (26, 1.3198e-15)    (27, 0.694444)    (60, 0.347222)    (65, 0.694444)    (66, 0.694444)    (68, 0.347222)    (69, -2.19645e-15)    (70, 4.30129e-15)    (71, 0.694444)    (76, 0.347222)    (77, 4.83604e-15)    (78, -6.25)    (79, -3.90864e-15)    (80, 0.347222)   
row 151:   (20, 0.694444)    (22, -2.77778)    (23, -2.77778)    (68, 0.694444)    (70, -2.77778)    (71, -2.77778)    (78, -3.85781e-15)    (79, -11.1111)    (80, 4.77863e-15)   
row 152:   (18, 0.173611)    (19, 0.694444)    (20, 0.347222)    (21, -1.09822e-15)    (22, 1.3198e-15)    (23, 0.694444)    (68, 0.173611)    (70, 0.694444)    (71, -1.09822e-15)    (78, 0.347222)    (79, 4.83604e-15)    (80, -3.125)   
row 153:  
row 154:  
row 155:  
row 156:  
row 157:  
row 158:  
row 159:  
row 160:  
row 161:  
row 162:  
row 163:  
row 164:  
row 165:  
row 166:  
row 167:  
row 168:  
row 169:  
row 170:  
row 171:  
row 172:  
row 173:  
row 174:  
row 175:  
row 176:  
row 177:  
row 178:  
row 179:  
row 180:  
row 181:  
row 182:  
row 183:  
row 184:  
row 185:  
row 186:  
row 187:  
row 188:  
row 189:  
row 190:  
row 191:  
row 192:  
row 193:  
row 194:  
row 195:  
row 196:  
row 197:  
row 198:  
row 199:  
row 200:  
row 201:  
row 202:  
row 203:  
row 204:  
row 205:  
row 206:  
row 207:  
row 208:  
row 209:  
row 210:  
row 211:  
row 212:  
row 213:  
row 214:  
row 215:  
row 216:  
row 217:  
row 218:  
row 219:  
row 220:  
row 221:  
row 222:  
row 223:  
row 224:  
row 225:  
row 226:  
row 227:  
row 228:  
row 229:  
row 230:  
row 231:  
row 232:  
row 233:  
row 234:  
row 235:  
row 236:  
row 237:  
row 238:  
row 239:  
row 240:  
row 241:  
row 242:  
