Process [0]
-0.938478
-1.17175
-0.104795
0.807315
1.28962
-0.084641
-0.0324842
-0.0805765
-0.0601991
-0.0982427
-0.923852
-1.15348
-0.103162
0.794733
1.26952
-0.0833218
-0.0319779
-0.0793207
-0.0592609
-0.0967116
-0.909453
-1.13551
-0.101554
0.782347
1.24974
-0.0820233
-0.0314796
-0.0780845
-0.0583373
-0.0952043
Process [1]
1.17175
0.084641
0.938478
0.0324842
0.104795
0.0805765
-0.807315
0.0601991
-1.28962
0.0982427
-1.24096
-0.859678
-7.71544e-10
0.859678
1.24096
1.15348
0.0833218
0.923852
0.0319779
0.103162
0.0793207
-0.794733
0.0592609
-1.26952
0.0967116
-1.22162
-0.846279
1.20248e-11
0.846279
1.22162
1.13551
0.0820233
0.909453
0.0314796
0.101554
0.0780845
-0.782347
0.0583373
-1.24974
0.0952043
-1.20258
-0.83309
1.18374e-11
0.83309
1.20258
Process [2]
-0.895279
-1.11781
-0.0999714
0.770153
1.23026
-0.0807449
-0.0309889
-0.0768675
-0.0574281
-0.0937205
-0.881326
-1.10039
-0.0984133
0.75815
1.21109
-0.0794865
-0.030506
-0.0756695
-0.056533
-0.0922598
Process [3]
1.11781
0.0807449
0.895279
0.0309889
0.0999714
0.0768675
-0.770153
0.0574281
-1.23026
0.0937205
-1.18384
-0.820106
-7.36029e-10
0.820106
1.18384
1.10039
0.0794865
0.881326
0.030506
0.0984133
0.0756695
-0.75815
0.056533
-1.21109
0.0922598
-1.16539
-0.807325
1.14714e-11
0.807325
1.16539
Process [4]
-0.86759
-1.08324
-0.0968795
0.746334
1.19221
-0.0782477
-0.0300305
-0.0744902
-0.0556519
-0.0908219
-0.854069
-1.06636
-0.0953696
0.734703
1.17363
-0.0770281
-0.0295625
-0.0733293
-0.0547846
-0.0894065
Process [5]
1.08324
0.0782477
0.86759
0.0300305
0.0968795
0.0744902
-0.746334
0.0556519
-1.19221
0.090822
-1.14723
-0.794742
-7.13266e-10
0.794742
1.14723
1.06636
0.0770281
0.854069
0.0295625
0.0953696
0.0733293
-0.734703
0.0547846
-1.17363
0.0894065
-1.12935
-0.782356
1.11167e-11
0.782356
1.12935
Process [6]
-0.840758
-1.04974
-0.0938833
0.723252
1.15534
-0.0758276
-0.0291018
-0.0721864
-0.0539308
-0.088013
-0.827654
-1.03338
-0.0924201
0.71198
1.13733
-0.0746459
-0.0286482
-0.0710614
-0.0530902
-0.0866413
Process [7]
1.04974
0.0758276
0.840758
0.0291018
0.0938833
0.0721864
-0.723252
0.0539308
-1.15534
0.088013
-1.11175
-0.770163
-6.91206e-10
0.770163
1.11175
1.03338
0.0746459
0.827654
0.0286482
0.0924201
0.0710614
-0.71198
0.0530902
-1.13733
0.0866413
-1.09442
-0.75816
1.07728e-11
0.75816
1.09442