[ 0.97625988  0.89885931  0.37469055  0.37431995  0.86638119  0.80501634
  0.2742619   0.24379406  0.37536298  0.36899476 -0.8087375  -0.73741554
  0.13559772  0.11226756 -0.66284962 -0.61953295 -0.27201446 -0.23792925
 -0.87884247 -0.83745711 -0.06182748 -0.06901038 -0.2338813  -0.22705086
 -0.69168272 -0.63476659 -0.81131183 -0.7484744   0.26582242  0.22196999
 -0.23232048 -0.22063681  0.28869348  0.26106809 -0.28869348 -0.26106809
  0.23232048  0.22063681 -1.08730377 -1.02980192  1.08730376  1.02980192
 -0.26582242 -0.22196999  0.69168271  0.63476659  0.23388131  0.22705086
  0.06182748  0.06901038  0.81131183  0.7484744   0.87884246  0.8374571
  0.66284962  0.61953295 -0.13559772 -0.11226756  0.27201446  0.23792925
  0.80873749  0.73741554 -0.2742619  -0.24379406 -0.37536298 -0.36899476
 -0.37469055 -0.37431995 -0.86638119 -0.80501634 -0.97625988 -0.89885931]