Process [0]
-1.2253
-0.670638
-0.0644366
1.09955
0.949891
-0.174121
0.115887
-0.126804
-0.00976632
-0.163158
-1.2253
-0.670638
-0.0644366
1.09955
0.949891
-0.174121
0.115887
-0.126804
-0.00976632
-0.163158
-1.2253
-0.670638
-0.0644366
1.09955
0.949891
-0.174121
0.115887
-0.126804
-0.00976632
-0.163158
Process [1]
0.670638
0.174121
1.2253
-0.115887
0.0644366
0.126804
-1.09955
0.00976633
-0.949891
0.163158
-1.64103
-2.20439
-1.0283e-10
2.20439
1.64103
0.670638
0.174121
1.2253
-0.115887
0.0644366
0.126804
-1.09955
0.00976633
-0.949891
0.163158
-1.64103
-2.20439
-1.0283e-10
2.20439
1.64103
0.670638
0.174121
1.2253
-0.115887
0.0644366
0.126804
-1.09955
0.00976633
-0.949891
0.163158
-1.64103
-2.20439
-1.0283e-10
2.20439
1.64103
Process [2]
-1.2253
-0.670638
-0.0644366
1.09955
0.949891
-0.174121
0.115887
-0.126804
-0.00976632
-0.163158
-1.2253
-0.670638
-0.0644366
1.09955
0.949891
-0.174121
0.115887
-0.126804
-0.00976632
-0.163158
Process [3]
0.670638
0.174121
1.2253
-0.115887
0.0644366
0.126804
-1.09955
0.00976633
-0.949891
0.163158
-1.64103
-2.20439
-1.0283e-10
2.20439
1.64103
0.670638
0.174121
1.2253
-0.115887
0.0644366
0.126804
-1.09955
0.00976633
-0.949891
0.163158
-1.64103
-2.20439
-1.0283e-10
2.20439
1.64103
Process [4]
-1.2253
-0.670638
-0.0644366
1.09955
0.949891
-0.174121
0.115887
-0.126804
-0.00976632
-0.163158
-1.2253
-0.670638
-0.0644366
1.09955
0.949891
-0.174121
0.115887
-0.126804
-0.00976632
-0.163158
Process [5]
0.670638
0.174121
1.2253
-0.115887
0.0644366
0.126804
-1.09955
0.00976633
-0.949891
0.163158
-1.64103
-2.20439
-1.0283e-10
2.20439
1.64103
0.670638
0.174121
1.2253
-0.115887
0.0644366
0.126804
-1.09955
0.00976633
-0.949891
0.163158
-1.64103
-2.20439
-1.0283e-10
2.20439
1.64103
Process [6]
-1.2253
-0.670638
-0.0644366
1.09955
0.949891
-0.174121
0.115887
-0.126804
-0.00976632
-0.163158
-1.2253
-0.670638
-0.0644366
1.09955
0.949891
-0.174121
0.115887
-0.126804
-0.00976632
-0.163158
Process [7]
0.670638
0.174121
1.2253
-0.115887
0.0644366
0.126804
-1.09955
0.00976633
-0.949891
0.163158
-1.64103
-2.20439
-1.0283e-10
2.20439
1.64103
0.670638
0.174121
1.2253
-0.115887
0.0644366
0.126804
-1.09955
0.00976633
-0.949891
0.163158
-1.64103
-2.20439
-1.0283e-10
2.20439
1.64103

