  type: mpi
Process [0]
1.23159e-10
1.4501e-10
2.44531e-11
-9.63164e-11
-1.70871e-10
2.44288e-11
1.34203e-12
-2.24355e-12
1.99113e-12
2.75548e-11
1.1565e-10
1.36434e-10
2.26833e-11
-9.02982e-11
-1.59606e-10
2.33986e-11
1.16419e-12
-2.8308e-12
1.6161e-12
2.62081e-11
1.08604e-10
1.28387e-10
2.10009e-11
-8.46799e-11
-1.49081e-10
2.23882e-11
1.00495e-12
-3.31508e-12
1.29369e-12
2.4903e-11
Process [1]
-1.4501e-10
-2.44288e-11
-1.23159e-10
-1.34203e-12
-2.4453e-11
2.24355e-12
9.63164e-11
-1.99113e-12
1.70871e-10
-2.75548e-11
1.59883e-10
1.12613e-10
-1.60183e-18
-1.12613e-10
-1.59883e-10
-1.36434e-10
-2.33986e-11
-1.1565e-10
-1.16418e-12
-2.26833e-11
2.8308e-12
9.02982e-11
-1.61611e-12
1.59606e-10
-2.62081e-11
1.49849e-10
1.05722e-10
-2.96531e-18
-1.05722e-10
-1.49849e-10
-1.28387e-10
-2.23882e-11
-1.08604e-10
-1.00495e-12
-2.10009e-11
3.31508e-12
8.46799e-11
-1.2937e-12
1.49081e-10
-2.4903e-11
1.40456e-10
9.92511e-11
5.61793e-21
-9.92511e-11
-1.40456e-10
Process [2]
1.01993e-10
1.20832e-10
1.94078e-11
-7.94312e-11
-1.39249e-10
2.14021e-11
8.62155e-13
-3.71087e-12
1.01646e-12
2.36439e-11
9.57874e-11
1.13735e-10
1.79044e-11
-7.45251e-11
-1.30068e-10
2.04437e-11
7.33953e-13
-4.03058e-12
7.78011e-13
2.24334e-11
Process [3]
-1.20832e-10
-2.14021e-11
-1.01993e-10
-8.6216e-13
-1.94078e-11
3.71085e-12
7.94313e-11
-1.01643e-12
1.39249e-10
-2.36438e-11
1.31662e-10
9.3175e-11
-1.1017e-17
-9.31749e-11
-1.31662e-10
-1.13735e-10
-2.04437e-11
-9.57873e-11
-7.33943e-13
-1.79044e-11
4.03056e-12
7.45251e-11
-7.77991e-13
1.30068e-10
-2.24333e-11
1.23426e-10
8.74694e-11
-8.68882e-19
-8.74693e-11
-1.23426e-10
Process [4]
8.9961e-11
1.07065e-10
1.64897e-11
-6.99367e-11
-1.21495e-10
1.95151e-11
6.18753e-13
-4.28477e-12
5.72994e-13
2.12729e-11
8.44899e-11
1.00795e-10
1.5162e-11
-6.56436e-11
-1.1349e-10
1.86179e-11
5.15172e-13
-4.48262e-12
3.96729e-13
2.01631e-11
Process [5]
-1.07066e-10
-1.95152e-11
-8.99608e-11
-6.18762e-13
-1.64897e-11
4.2848e-12
6.99367e-11
-5.72926e-13
1.21495e-10
-2.12729e-11
1.15712e-10
8.21119e-11
-1.10476e-17
-8.21119e-11
-1.15712e-10
-1.00795e-10
-1.86179e-11
-8.44897e-11
-5.1517e-13
-1.5162e-11
4.48264e-12
6.56435e-11
-3.96695e-13
1.1349e-10
-2.01631e-11
1.08486e-10
7.70817e-11
-4.70341e-18
-7.70817e-11
-1.08487e-10
Process [6]
7.93515e-11
9.48986e-11
1.39187e-11
-6.16251e-11
-1.06018e-10
1.77526e-11
4.22027e-13
-4.6319e-12
2.45338e-13
1.91035e-11
7.45251e-11
8.93514e-11
1.27567e-11
-5.78623e-11
-9.90418e-11
1.69199e-11
3.38223e-13
-4.73941e-12
1.15386e-13
1.80935e-11
Process [7]
-9.48984e-11
-1.77527e-11
-7.93513e-11
-4.22061e-13
-1.39186e-11
4.63194e-12
6.16249e-11
-2.45293e-13
1.06018e-10
-1.91035e-11
1.01717e-10
7.23587e-11
-4.05788e-18
-7.23588e-11
-1.01717e-10
-8.93513e-11
-1.692e-11
-7.4525e-11
-3.38226e-13
-1.27567e-11
4.73943e-12
5.78621e-11
-1.15367e-13
9.90418e-11
-1.80935e-11
9.53733e-11
6.79245e-11
8.5295e-18
-6.79245e-11
-9.53732e-11
    3 KSP Residual norm 1.143030229144e-09
Vec Object: 8 MPI processes
  type: mpi
Process [0]
-7.00298e-14
-8.41542e-14
-1.16717e-14
5.43568e-14
9.25491e-14
-1.61224e-14
-2.62997e-16
4.81216e-15
5.35464e-18
-1.71418e-14
-6.57915e-14
-7.92744e-14
-1.06555e-14
5.10389e-14
8.64726e-14
-1.53417e-14
-1.99185e-16
4.85864e-15
9.83438e-17
-1.62252e-14
-6.17692e-14
-7.46687e-14
-9.72597e-15
4.79483e-14
8.0811e-14
-1.46102e-14
-1.3035e-16
4.87029e-15
1.69177e-16
-1.53622e-14
Process [1]
8.4162e-14
1.61303e-14
7.00517e-14
2.59441e-16
1.16781e-14
-4.81099e-15
-5.438e-14
6.78574e-19
-9.25865e-14
1.71426e-14
-8.94714e-14
-6.38064e-14
-3.31438e-19
6.38204e-14
8.94554e-14
7.92271e-14
1.53693e-14
6.57484e-14
1.92823e-16
1.06719e-14
-4.84893e-15
-5.10763e-14
-9.02474e-17
-8.65151e-14
1.62221e-14
-8.39004e-14
-5.98948e-14
5.47351e-19
5.98943e-14
8.3877e-14
7.46329e-14
1.4618e-14
6.17836e-14
1.30553e-16
9.73713e-15
-4.86761e-15
-4.79796e-14
-1.71297e-16
-8.08278e-14
1.53552e-14
-7.86618e-14
-5.6221e-14
-1.28223e-18
5.62044e-14
7.86844e-14
Process [2]
-5.80844e-14
-7.02699e-14
-8.83924e-15
4.50359e-14
7.56642e-14
-1.38842e-14
-7.00556e-17
4.85956e-15
2.08461e-16
-1.45452e-14
-5.45518e-14
-6.61823e-14
-8.04267e-15
4.23569e-14
7.07199e-14
-1.32359e-14
-2.6256e-17
4.8378e-15
2.73638e-16
-1.37565e-14
Process [3]
7.03251e-14
1.39166e-14
5.79863e-14
8.12613e-17
8.86124e-15
-4.8547e-15
-4.50904e-14
-2.58791e-16
-7.54848e-14
1.45118e-14
-7.37179e-14
-5.27764e-14
1.38658e-18
5.28324e-14
7.37418e-14
6.62832e-14
1.3243e-14
5.44607e-14
3.33224e-17
8.04246e-15
-4.82801e-15
-4.23462e-14
-3.15101e-16
-7.0596e-14
1.37255e-14
-6.91405e-14
-4.9527e-14
7.02583e-19
4.95678e-14
6.92228e-14
Process [4]
-5.11895e-14
-6.23242e-14
-7.31026e-15
3.97319e-14
6.6167e-14
-1.25838e-14
4.83155e-17
4.77959e-15
3.14928e-16
-1.30274e-14
-4.8077e-14
-5.86487e-14
-6.62487e-15
3.73937e-14
6.17795e-14
-1.19699e-14
8.56831e-17
4.73094e-15
3.62513e-16
-1.23125e-14
Process [5]
6.25101e-14
1.25777e-14
5.11621e-14
-6.56558e-18
7.29544e-15
-4.79818e-15
-3.98114e-14
-3.76907e-16
-6.59008e-14
1.29881e-14
-6.48539e-14
-4.64333e-14
9.22011e-19
4.65506e-14
6.48269e-14
5.88454e-14
1.19881e-14
4.80027e-14
-4.81006e-17
6.60479e-15
-4.73269e-15
-3.73796e-14
-4.14943e-16
-6.15083e-14
1.22907e-14
-6.07833e-14
-4.35471e-14
2.54578e-18
4.36752e-14
6.08088e-14
Process [6]
-4.52019e-14
-5.51952e-14
-5.99915e-15
3.51882e-14
5.76198e-14
-1.13776e-14
1.21659e-16
4.65519e-15
4.33357e-16
-1.16415e-14
-4.24521e-14
-5.20287e-14
-5.41153e-15
3.31523e-14
5.39019e-14
-1.08417e-14
1.46887e-16
4.56363e-15
4.67958e-16
-1.09907e-14
Process [7]
5.52184e-14
1.14513e-14
4.50024e-14
-4.95791e-17
5.96535e-15
-4.66983e-15
-3.52007e-14
-4.22369e-16
-5.75029e-14
1.16148e-14
-5.70554e-14
-4.09354e-14
2.18952e-17
4.09031e-14
5.70317e-14
5.20197e-14
1.08835e-14
4.22858e-14
-9.60031e-17
5.36908e-15
-4.577e-15
-3.30942e-14
-4.5741e-16
-5.38054e-14
1.09935e-14
-5.35489e-14
-3.83977e-14
9.24613e-18
3.84188e-14
5.34582e-14