Process [0]
0.664643
0.747997
0.469324
0.25097
0.0295637
0.0571306
0.00469672
0.0159222
0.0231558
0.0273036
0.63216
0.695651
0.449067
0.241411
0.0295637
0.0600894
0.00325867
0.013085
0.0188202
0.0273036
0.600646
0.649475
0.429377
0.231818
0.0295637
0.0617344
0.00249013
0.0105356
0.0150943
0.0273036
Process [1]
-0.00705247
-0.0161225
0.195772
-0.0196617
0.4249
-0.0169054
0.62273
-0.0128424
0.826199
-0.0602255
-0.0210275
-0.22413
-0.446527
-0.640103
-0.796363
-0.00705247
-0.0161225
0.186307
-0.0156697
0.401743
-0.0141896
0.593448
-0.0110205
0.78355
-0.0630347
-0.0210275
-0.214226
-0.424743
-0.610414
-0.749083
-0.00705247
-0.0161225
0.177429
-0.0122925
0.380286
-0.0117275
0.565458
-0.0096617
0.742991
-0.0646854
-0.0210275
-0.204655
-0.404171
-0.581788
-0.705405
Process [2]
0.570316
0.608257
0.410267
0.222265
0.0295637
0.062414
0.00215562
0.00827716
0.0118844
0.0273036
0.541287
0.571089
0.391751
0.212814
0.0295637
0.0623836
0.00209504
0.00629665
0.00911343
0.0273036
Process [3]
-0.00705247
-0.0161225
0.169081
-0.0094278
0.360359
-0.0095135
0.538693
-0.00864415
0.704451
-0.0654421
-0.0210275
-0.195427
-0.384713
-0.554243
-0.664921
-0.00705247
-0.0161225
0.161215
-0.00699154
0.341809
-0.00753581
0.513098
-0.00787753
0.667854
-0.0655099
-0.0210275
-0.186548
-0.366282
-0.527785
-0.627289
Process [4]
0.513609
0.537287
0.373842
0.203515
0.0295637
0.0618317
0.00220023
0.00457246
0.00671795
0.0273036
0.487289
0.506326
0.356551
0.194408
0.0295637
0.0608984
0.00239877
0.00307929
0.00464488
0.0273036
Process [5]
-0.00705247
-0.0161225
0.153792
-0.00491475
0.324499
-0.0057789
0.488626
-0.00729503
0.633118
-0.0650486
-0.0210275
-0.178018
-0.348801
-0.502415
-0.592219
-0.00705247
-0.0161225
0.146777
-0.00314067
0.308308
-0.00422535
0.465233
-0.0068472
0.600161
-0.0641828
-0.0210275
-0.169837
-0.332202
-0.47812
-0.559465
Process [6]
0.462303
0.477797
0.339884
0.185525
0.0295637
0.0596884
0.00264277
0.00179111
0.00284967
0.0273036
0.438613
0.451383
0.323842
0.17689
0.0295637
0.0582808
0.00290115
0.00068286
0.00129465
0.0273036
Process [7]
-0.00705247
-0.0161225
0.140139
-0.00162248
0.293131
-0.00285705
0.44288
-0.00649748
0.5689
-0.0630108
-0.0210275
-0.161999
-0.316426
-0.454883
-0.528816
-0.00705247
-0.0161225
0.133852
-0.000321438
0.278873
-0.00165614
0.42153
-0.00621884
0.539256
-0.06161
-0.0210275
-0.154497
-0.301418
-0.432681
-0.500089