Process [0]
-0.0607534
-0.0917848
0.00310285
0.0617042
0.0753804
0.0109598
-0.00789402
-0.0192755
-0.010935
0.0109785
-0.117437
-0.17213
0.00378182
0.116864
0.147896
0.0177714
-0.0137942
-0.0353085
-0.0200224
0.0177413
-0.17054
-0.243732
0.00258248
0.16674
0.217658
0.0215375
-0.0182785
-0.0486894
-0.0276285
0.0213125
Process [1]
0.0917848
-0.0109598
0.0607534
0.00789402
-0.00310285
0.0192755
-0.0617042
0.010935
-0.0753804
-0.0109785
-0.0823879
-0.0572214
-1.69016e-11
0.0572214
0.0823879
0.17213
-0.0177714
0.117437
0.0137942
-0.00378182
0.0353085
-0.116864
0.0200224
-0.147896
-0.0177413
-0.158631
-0.109573
-4.3136e-11
0.109573
0.158631
0.243732
-0.0215375
0.17054
0.0182785
-0.00258248
0.0486894
-0.16674
0.0276285
-0.217658
-0.0213125
-0.229694
-0.158
-7.43055e-11
0.158
0.229694
Process [2]
-0.220207
-0.30818
-3.3148e-05
0.212051
0.284375
0.0230646
-0.0217344
-0.0598404
-0.0340082
0.0224791
-0.266618
-0.366672
-0.00369216
0.253388
0.347883
0.0229528
-0.0244369
-0.0691187
-0.0393696
0.0218518
Process [3]
0.30818
-0.0230646
0.220207
0.0217344
3.31464e-05
0.0598404
-0.212051
0.0340082
-0.284375
-0.0224791
-0.295954
-0.202948
-1.07383e-10
0.202948
0.295954
0.366672
-0.0229528
0.266618
0.0244369
0.00369216
0.0691187
-0.253388
0.0393696
-0.347883
-0.0218518
-0.357759
-0.244781
-1.40462e-10
0.244781
0.357759
Process [4]
-0.309973
-0.420121
-0.00809533
0.291242
0.40811
0.0216497
-0.0265825
-0.0768245
-0.0438834
0.019903
-0.350475
-0.469234
-0.0130041
0.326021
0.465054
0.01949
-0.0283115
-0.0832098
-0.0476898
0.0169981
Process [5]
0.420121
-0.0216497
0.309973
0.0265825
0.00809533
0.0768245
-0.291242
0.0438834
-0.40811
-0.019903
-0.415431
-0.283796
-1.72396e-10
0.283796
0.415431
0.469234
-0.01949
0.350475
0.0283115
0.0130041
0.0832098
-0.326021
0.0476898
-0.465054
-0.0169981
-0.469269
-0.320243
-2.02551e-10
0.320243
0.469269
Process [6]
-0.388321
-0.514567
-0.0182294
0.358068
0.518763
0.0167249
-0.0297251
-0.0884857
-0.0509042
0.0134189
-0.423701
-0.556564
-0.023623
0.387674
0.569323
0.0135431
-0.0308965
-0.092829
-0.0536222
0.00938195
Process [7]
0.514567
-0.0167249
0.388321
0.0297251
0.0182294
0.0884857
-0.358068
0.0509042
-0.518763
-0.0134189
-0.519547
-0.354334
-2.30628e-10
0.354334
0.519547
0.556564
-0.0135431
0.4237
0.0308965
0.023623
0.092829
-0.387674
0.0536222
-0.569323
-0.00938194
-0.566519
-0.386255
-2.56547e-10
0.386255
0.566519