Process [0]
-0.892979
-1.09902
-0.109589
0.758746
1.2352
-0.0969417
-0.0251285
-0.0626539
-0.0502622
-0.110782
-0.953336
-1.1903
-0.106454
0.820096
1.31004
-0.085981
-0.0329985
-0.0818522
-0.0611521
-0.0997981
-1.01728
-1.29538
-0.100171
0.888679
1.38649
-0.069405
-0.0436081
-0.104784
-0.0742227
-0.0832954
Process [1]
1.09902
0.0969417
0.892979
0.0251285
0.109589
0.0626539
-0.758746
0.0502622
-1.2352
0.110782
-1.17875
-0.816426
-7.67121e-10
0.816426
1.17875
1.1903
0.085981
0.953336
0.0329985
0.106454
0.0818522
-0.820096
0.0611521
-1.31004
0.0997981
-1.26061
-0.873288
-7.83759e-10
0.873288
1.26061
1.29538
0.069405
1.01728
0.0436081
0.100171
0.104784
-0.888679
0.0742227
-1.38649
0.0832954
-1.34847
-0.935347
-7.83788e-10
0.935347
1.34847
Process [2]
-1.08453
-1.41824
-0.0898902
0.965809
1.46359
-0.0452049
-0.0580562
-0.132121
-0.0899493
-0.05959
-1.15447
-1.5644
-0.0745821
1.05311
1.53999
-0.0106381
-0.0779035
-0.16463
-0.108921
-0.0265122
Process [3]
1.41824
0.0452049
1.08453
0.0580562
0.0898902
0.132121
-0.965809
0.0899493
-1.46359
0.05959
-1.44278
-1.00352
-7.56834e-10
1.00352
1.44278
1.5644
0.0106382
1.15447
0.0779035
0.0745821
0.16463
-1.05311
0.108921
-1.53999
0.0265122
-1.54399
-1.07899
-6.87722e-10
1.07899
1.54399
Process [4]
-1.22596
-1.74152
-0.0530108
1.15257
1.61385
0.0380551
-0.10537
-0.203164
-0.131867
0.0187339
-1.29705
-1.9603
-0.0237029
1.26667
1.68269
0.106048
-0.143617
-0.24865
-0.159699
0.0797534
Process [5]
1.74152
-0.0380551
1.22596
0.10537
0.0530108
0.203164
-1.15257
0.131867
-1.61385
-0.0187339
-1.65252
-1.16332
-5.54458e-10
1.16332
1.65252
1.9603
-0.106048
1.29705
0.143617
0.0237029
0.24865
-1.26667
0.159699
-1.68269
-0.0797534
-1.7688
-1.25861
-3.25386e-10
1.25861
1.7688
Process [6]
-1.36457
-2.2358
0.01508
1.39847
1.74322
0.200485
-0.197152
-0.302047
-0.193554
0.161199
-1.42354
-2.58923
0.0653635
1.55175
1.79106
0.331268
-0.272402
-0.364273
-0.234858
0.269083
Process [7]
2.2358
-0.200485
1.36457
0.197152
-0.01508
0.302047
-1.39847
0.193554
-1.74322
-0.161199
-1.89315
-1.36762
4.4812e-11
1.36762
1.89315
2.58923
-0.331268
1.42354
0.272402
-0.0653635
0.364273
-1.55175
0.234858
-1.79106
-0.269082
-2.02579
-1.49411
6.20735e-10
1.49411
2.02579